# Postprocessed results of turbulent pipe flow 
# Mean velocity and pressure 
# ------------------------------------------------------------------
# uTau = 0.0264811 
# nu = 2.65252e-05 
# ------------------------------------------------------------------
# r	 1-r	 y+	 Ur	 Ut	 Uz	 dUz/dy	 P	 
# ------------------------------------------------------------------
1	0	0	-9.36419197129053e-39	3.32269908297240e-38	0	-1.00005051209766	-1.59050397952089e-17
0.999902976248952	9.70237510480310e-05	0.0967781482779905	2.50009666669196e-23	8.93779338888495e-06	0.0967781482779905	-0.999949487902340	-3.65387946965171e-08
0.999775539161755	0.000224460838245011	0.223892645374264	3.93126599065541e-23	2.06784693178887e-05	0.223877791046335	-0.999808001965975	-6.30064213405558e-07
0.999617704438640	0.000382295561360047	0.381327830800982	1.24521439512626e-22	3.52204903578049e-05	0.381268097773131	-0.999596870902919	-4.17048992586669e-06
0.999429489613958	0.000570510386041945	0.569066214592838	-8.66986034105256e-22	5.25587845899854e-05	0.568904366438092	-0.999259075590063	-1.76231679881211e-05
0.999210914053114	0.000789085946885981	0.787088480366064	5.64603984063096e-22	7.26796907146975e-05	0.786715215035325	-0.998691969989265	-5.67300464823808e-05
0.998961998949404	0.00103800105059604	1.03537348847256	1.11916524236316e-21	9.55527023232573e-05	1.03457979791048	-0.997728486060776	-0.000151415142134412
0.998682767320731	0.00131723267926898	1.31389827927597	4.18968279952842e-23	0.000121118882438506	1.31229125952129	-0.996117633411894	-0.000351677667455592
0.998373244006220	0.00162675599378004	1.62263807652847	5.18416075177875e-21	0.000149276649722346	1.61950310770569	-0.993508188967439	-0.000732954266188803
0.998033455662722	0.00196654433727805	1.96156629085719	7.11585909629037e-21	0.000179866454945619	1.95565702777296	-0.989441203523400	-0.00139986893271160
0.997663430761219	0.00233656923878101	2.33065452335064	3.62457182501307e-21	0.000212656300762485	2.31989422561271	-0.983357711094776	-0.00248749241611732
0.997263199583111	0.00273680041688895	2.72987256926221	-5.94680383603890e-21	0.000247329791407015	2.71095747682093	-0.974626811953244	-0.00415965500639158
0.996832794216413	0.00316720578358698	3.15918842180355	-6.79479390873847e-21	0.000283477352556809	3.12709661022954	-0.962595621915845	-0.00660437946912231
0.996372248551831	0.00362775144816896	3.61856827605837	1.45556311562888e-20	0.000320589798216349	3.56599436260642	-0.946657044612281	-0.0100269847132061
0.995881598278753	0.00411840172124700	4.10797653298174	-4.47475382239045e-20	0.000358052406964920	4.02473048183232	-0.926325656850475	-0.0146417380123965
0.995360880881122	0.00463911911887804	4.62737580351622	1.45081250722282e-20	0.000395138220830995	4.49979848742142	-0.901308343519256	-0.0206630392093198
0.994810135633214	0.00518986436678603	5.17672691280339	1.42526881806399e-21	0.000431001977543633	4.98718192189249	-0.871556184765789	-0.0282970072293313
0.994229403595313	0.00577059640468702	5.75598890449797	1.33628012799453e-20	0.000464679891924349	5.48248699527089	-0.837287622225361	-0.0377340652761540
0.993618727609288	0.00638127239071196	6.36511904517942	3.11251578325075e-20	0.000495103084127035	5.98111877876989	-0.798978898857683	-0.0491427808144867
0.992978152294068	0.00702184770593195	7.00407282886576	-4.61339737307473e-21	0.000521132438528630	6.47848093440250	-0.757324277622420	-0.0626649141399987
0.992307724041017	0.00769227595898303	7.67280398162661	1.78802372261801e-20	0.000541620318784761	6.97017587161252	-0.713173839343795	-0.0784114471548954
0.991607491009213	0.00839250899078703	8.37126446629213	4.72306264396332e-20	0.000555498929702589	7.45218350610822	-0.667459664953189	-0.0964593366547532
0.990877503120632	0.00912249687936795	9.09940448725718	5.19658741136952e-20	0.000561884371712687	7.92100169991268	-0.621121653869659	-0.116848843888597
0.990117812055224	0.00988218794477602	9.85717249539295	1.00400160608690e-19	0.000560173530111245	8.37373853271091	-0.575042502805270	-0.139581469845568
0.989328471245912	0.0106715287540881	10.6445151930346	8.55523735076474e-20	0.000550106839732720	8.80815411021300	-0.529998249944598	-0.164618688810247
0.988509535873478	0.0114904641265220	11.4613775390829	-3.96589937139770e-20	0.000531777086082136	9.22265617388722	-0.486627195319897	-0.191881754532781
0.987661062861364	0.0123389371386360	12.3077027541902	1.46868273408434e-19	0.000505580860881918	9.61625836335951	-0.445416756996895	-0.221252829439916
0.986783110870378	0.0132168891296220	13.1834323260406	-1.54805802222041e-19	0.000472132202514834	9.98851225082145	-0.406705461554577	-0.252577575394167
0.985875740293307	0.0141242597066930	14.0885060147231	-2.07848653500270e-19	0.000432175125755965	10.3394244234845	-0.370696008378470	-0.285669182843935
0.984939013249435	0.0150609867505650	15.0228618582007	-1.96721960576686e-19	0.000386523064891580	10.6693685067823	-0.337475101617836	-0.320313650413687
0.983972993578979	0.0160270064210210	15.9864361778595	-1.42644244702537e-19	0.000336019757671017	10.9789997870768	-0.307036216840306	-0.356276004057459
0.982977746837420	0.0170222531625800	16.9791635841634	3.34607830210923e-19	0.000281482543347659	11.2691775992377	-0.279302340683846	-0.393307056181199
0.981953340289760	0.0180466597102400	18.0009769823828	-2.13558358397242e-19	0.000223596690962466	11.5408983595206	-0.254146726805937	-0.431150248250384
0.980899842904680	0.0191001570953200	19.0518075784218	1.41074343374236e-19	0.000162796269764744	11.7952403218232	-0.231410600148771	-0.469548147903201
0.979817325348610	0.0201826746513900	20.1315848847333	-1.83026746152688e-19	9.92329911692258e-05	12.0333198249411	-0.210917404854428	-0.508248292481526
0.978705859979724	0.0212941400202760	21.2402367263081	3.99240957852471e-20	3.28973077108695e-05	12.2562579508071	-0.192483673021377	-0.547008190037021
0.977565520841829	0.0224344791581710	22.3776892467715	-1.19193757314792e-19	-3.61725519835563e-05	12.4651561026909	-0.175926859561646	-0.585599354734671
0.976396383658186	0.0236036163418140	23.5438669145459	-5.30262133617768e-19	-0.000107707614161603	12.6610788206297	-0.161070624438687	-0.623810335355573
0.975198525825238	0.0248014741747620	24.7386925291070	1.25216544996454e-19	-0.000181130101968703	12.8450422321259	-0.147748193873755	-0.661448802247895
0.973972026406254	0.0260279735937460	25.9620872273242	-1.78054701576425e-19	-0.000255655812411348	13.0180069396495	-0.135804370487733	-0.698342873634010
0.972716966124892	0.0272830338751080	27.2139704898806	-2.44363357152793e-19	-0.000330543635732643	13.1808743602526	-0.125096522868000	-0.734341830961116
0.971433427358678	0.0285665726413220	28.4942601477780	1.29723280208041e-19	-0.000405255963168765	13.3344855996787	-0.115494792812868	-0.769316247996448
0.970121494132410	0.0298785058675900	29.8028723889161	3.07771078084692e-19	-0.000479371027929022	13.4796220798428	-0.106881767057618	-0.803157593706670
0.968781252111466	0.0312187478885340	31.1397217647674	1.74497915453549e-20	-0.000552482455076128	13.6170073403850	-0.0991518554809840	-0.835777349237589
0.967412788595051	0.0325872114049490	32.5047211971133	-4.05907170352942e-19	-0.000624339968704458	13.7473096728070	-0.0922105708482637	-0.867105802397973
0.966016192509352	0.0339838074906480	33.8977819848716	-2.63169035333545e-21	-0.000695022309872079	13.8711454277396	-0.0859736842534293	-0.897090776372640
0.964591554400617	0.0354084455993831	35.3188138110003	4.78875134730009e-20	-0.000764683071659843	13.9890825330641	-0.0803661149657878	-0.925696350744319
0.963138966428163	0.0368610335718370	36.7677247494713	-2.54424809201455e-19	-0.000833185892871209	14.1016436147557	-0.0753206951498646	-0.952901524835476
0.961658522357297	0.0383414776427030	38.2444212723321	4.05894743693350e-19	-0.000900073283186886	14.2093085795018	-0.0707770163003670	-0.978698591818794
0.960150317552171	0.0398496824478291	39.7488082568325	3.94442886510476e-19	-0.000964739647998569	14.3125166136592	-0.0666805923220725	-1.00309125326157
0.958614448968554	0.0413855510314460	41.2807889926341	-5.70869695680508e-19	-0.00102647750910029	14.4116682164462	-0.0629824657992026	-1.02609288845947
0.957051015146539	0.0429489848534610	42.8402651890850	2.30489682089671e-19	-0.00108458158139878	14.5071277225835	-0.0596388453769692	-1.04772526646158
0.955460116203162	0.0445398837968380	44.4271369825825	1.17506493090356e-19	-0.00113850697612148	14.5992257955007	-0.0566106501068985	-1.06801767557640
0.953841853824967	0.0461581461750330	46.0413029439884	-3.09122822500177e-19	-0.00118771308510800	14.6882619916547	-0.0538632480533427	-1.08700628572190
0.952196331260483	0.0478036687395170	47.6826600861337	-4.03783592302875e-20	-0.00123144592417713	14.7745077702779	-0.0513662655975127	-1.10473336660229
0.950523653312640	0.0494763466873600	49.3511038713831	-2.49693013377279e-19	-0.00126885737126905	14.8582097001403	-0.0490930325798350	-1.12124604468099
0.948823926331108	0.0511760736688920	51.0465282192767	-8.01591342082540e-19	-0.00129947739473654	14.9395918008584	-0.0470196343781111	-1.13659495774937
0.947097258204573	0.0529027417954270	52.7688255142345	-7.08013072404196e-19	-0.00132359620186738	15.0188565586447	-0.0451241543460794	-1.15083305938849
0.945343758352940	0.0546562416470600	54.5178866133335	-1.40860052533293e-18	-0.00134211979528732	15.0961854425550	-0.0433866128877932	-1.16401470626553
0.943563537719468	0.0564364622805320	56.2936008541528	5.50252486679460e-20	-0.00135609149905825	15.1717403068712	-0.0417893543382200	-1.17619508599558
0.941756708762842	0.0582432912371580	58.0958560626816	-4.24323479866468e-19	-0.00136635596538310	15.2456658509005	-0.0403172333887723	-1.18742953621871
0.939923385449174	0.0600766145508260	59.9245385612981	-5.79203842046054e-19	-0.00137403507241769	15.3180923406440	-0.0389574697914356	-1.19777260716836
0.938063683243942	0.0619363167560580	61.7795331768099	2.08248722902095e-19	-0.00138128160497314	15.3891382258256	-0.0376990785183229	-1.20727752836601
0.936177719103860	0.0638222808961400	63.6607232485632	7.28953374554605e-19	-0.00139117814998014	15.4589113670312	-0.0365318534616075	-1.21599600213247
0.934265611468690	0.0657343885313100	65.5679906366108	-5.43188621072081e-19	-0.00140678409410856	15.5275082924450	-0.0354459168540870	-1.22397782241670
0.932327480252988	0.0676725197470121	67.5012157299445	-8.36314190459071e-19	-0.00143021118527008	15.5950139561233	-0.0344321609297547	-1.23127078710431
0.930363446837786	0.0696365531622140	69.4602774547921	5.93254251823355e-19	-0.00146270816436065	15.6615028306603	-0.0334825168025265	-1.23792071301945
0.928373634062212	0.0716263659377880	71.4450532829769	-7.44715901875517e-20	-0.00150472933790002	15.7270399257133	-0.0325900377569025	-1.24397172493359
0.926358166215055	0.0736418337849450	73.4554192403302	1.25930111404955e-18	-0.00155522561826638	15.7916825101183	-0.0317489116663016	-1.24946657601881
0.924317169026263	0.0756828309737370	75.4912499151727	2.38249440634132e-19	-0.00161167567312066	15.8554814710243	-0.0309543083538791	-1.25444641431249
0.922250769658387	0.0777492303416130	77.5524184668488	1.90117950411165e-18	-0.00167073510981461	15.9184827201543	-0.0302024650013976	-1.25895053086810
0.920159096697961	0.0798409033020390	79.6387966343241	-2.54928779284859e-19	-0.00172909805803909	15.9807291749600	-0.0294904362372391	-1.26301605576771
0.918042280146832	0.0819577198531680	81.7502547448341	-1.81950597432127e-18	-0.00178451751223262	16.0422613715125	-0.0288153131897610	-1.26667764279317
0.915900451413422	0.0840995485865780	83.8866617225998	1.23671220839343e-18	-0.00183510660215553	16.1031163386255	-0.0281737788514790	-1.26996756002942
0.913733743303946	0.0862662566960540	86.0478850975875	-9.61994664080245e-19	-0.00187860769200154	16.1633263358513	-0.0275624546313411	-1.27291599329210
0.911542290013565	0.0884577099864350	88.2337910143335	3.84878500845442e-19	-0.00191315840921362	16.2229191590087	-0.0269785898894676	-1.27555140598638
0.909326227117490	0.0906737728825100	90.4442442408175	-1.89669486073934e-19	-0.00193791451696721	16.2819198993290	-0.0264203630514297	-1.27790095760282
0.907085691562025	0.0929143084379750	92.6791081773969	1.79076449142777e-19	-0.00195284418123650	16.3403527324471	-0.0258864862214614	-1.27999050570146
0.904820821655567	0.0951791783444330	94.9382448657841	-1.65885411913175e-18	-0.00195849200711221	16.3982411161840	-0.0253756511258342	-1.28184394698330
0.902531757059545	0.0974682429404550	97.2215149980844	-8.52568261203803e-19	-0.00195522311236516	16.4556072064499	-0.0248865698002894	-1.28348287965297
0.900218638779309	0.0997813612206910	99.5287779258844	8.49370467469109e-19	-0.00194310704112249	16.5124722589217	-0.0244180567764230	-1.28492665609679
0.897881609154969	0.102118390845031	101.859891669389	5.02887583279248e-19	-0.00192280632799012	16.5688564166940	-0.0239686551779218	-1.28619234041956
0.895520811852185	0.104479188147815	104.214712926609	-1.07889915455043e-18	-0.00189617320419514	16.6247773828075	-0.0235366041765260	-1.28729535403787
0.893136391852902	0.106863608147098	106.593097082602	8.83982856649280e-19	-0.00186592383277994	16.6802500136838	-0.0231203479981198	-1.28824997515311
0.890728495446042	0.109271504553958	108.994898218756	1.04463471183880e-18	-0.00183489132060908	16.7352873613282	-0.0227189471178265	-1.28906908399859
0.888297270218144	0.111702729781856	111.419969122129	1.38252939351148e-18	-0.00180605016488978	16.7899022944320	-0.0223319642792164	-1.28976395227712
0.885842865043957	0.114157134956043	113.868161294829	1.06748871956619e-18	-0.00178323428799297	16.8441081168024	-0.0219589085671897	-1.29034380073918
0.883365430076986	0.116634569923014	116.339324963443	1.59857653567677e-18	-0.00176998690575249	16.8979175669555	-0.0215989228228427	-1.29081583702215
0.880865116739994	0.119134883260006	118.833309088517	-1.20583886301014e-18	-0.00176852608948061	16.9513418899468	-0.0212509685893659	-1.29118620875761
0.878342077715455	0.121657922284545	121.349961374070	1.71560805422276e-18	-0.00178006319625894	17.0043906877170	-0.0209139401098283	-1.29146059097510
0.875796466935961	0.124203533064039	123.889128277171	-1.42005238251580e-18	-0.00180558098331766	17.0570715187887	-0.0205867790526979	-1.29164492203000
0.873228439574594	0.126771560425406	126.450655017539	-1.75729535492995e-18	-0.00184557547881410	17.1093903311868	-0.0202689298178508	-1.29174615921711
0.870638152035239	0.129361847964761	129.034385587204	1.58199661030276e-18	-0.00189963957623766	17.1613534238152	-0.0199604119972974	-1.29177226216391
0.868025761942871	0.131974238057129	131.640162760197	-1.44365751277845e-18	-0.00196682618129591	17.2129683466416	-0.0196611389282057	-1.29173155405682
0.865391428133783	0.134608571866217	134.267828102299	-4.36446376667245e-19	-0.00204605515047109	17.2642424133894	-0.0193705100757345	-1.29163147659785
0.862735310645790	0.137264689354210	136.917221980809	1.50103001936911e-19	-0.00213645372713967	17.3151814504582	-0.0190878334888565	-1.29147766913353
0.860057570708376	0.139942429291624	139.588183574375	3.05627341231289e-18	-0.00223751570897380	17.3657904593436	-0.0188125121978657	-1.29127372506285
0.857358370732808	0.142641629267192	142.280550882851	1.04522014557952e-18	-0.00234952060056585	17.4160733231562	-0.0185439231386867	-1.29102135644710
0.854637874302212	0.145362125697788	144.994160737201	6.38675073367587e-19	-0.00247211832667477	17.4660328475488	-0.0182816208044879	-1.29072117358073
0.851896246161607	0.148103753838393	147.728848809437	1.81865543850928e-18	-0.00260326353430059	17.5156715761754	-0.0180251664935670	-1.29037303220257
0.849133652207900	0.150866347792100	150.484449622596	-4.03341755517421e-19	-0.00273995518923985	17.5649909140575	-0.0177739475426670	-1.28997638062103
0.846350259479846	0.153649740520154	153.260796560761	1.98728244767616e-18	-0.00287766456313458	17.6139909648531	-0.0175276391478224	-1.28953098689265
0.843546236147967	0.156453763852033	156.057721879111	5.23421947883026e-19	-0.00301059918726132	17.6626722011934	-0.0172863306399020	-1.28903741875301
0.840721751504436	0.159278248495564	158.875056714014	-1.13464238799473e-18	-0.00313324429273496	17.7110360495157	-0.0170501231260805	-1.28849747136315
0.837876975952927	0.162123024047073	161.712631093150	-1.41477243292967e-18	-0.00323995554331035	17.7590843708010	-0.0168190873290353	-1.28791429079127
0.835012080998426	0.164987919001574	164.570273945675	2.79563389257608e-18	-0.00332371481731989	17.8068198218411	-0.0165935224482737	-1.28729188059074
0.832127239237012	0.167872760762988	167.447813112414	1.75831157953648e-18	-0.00337835913797754	17.8542468115353	-0.0163739153806940	-1.28663388505888
0.829222624345595	0.170777375654405	170.345075356098	-3.38226059261770e-19	-0.00340059870079534	17.9013716617442	-0.0161606002655894	-1.28594267817621
0.826298411071630	0.173701588928370	173.261886371620	7.64377638828263e-21	-0.00339030005551391	17.9482016179357	-0.0159535575165597	-1.28522000718842
0.823354775222793	0.176645224777207	176.198070796341	5.59078176468818e-18	-0.00335062496789732	17.9947438101158	-0.0157525772886837	-1.28446791444544
0.820391893656623	0.179608106343377	179.153452220411	-8.63846145152406e-19	-0.00328680967558309	18.0410051635111	-0.0155574778599080	-1.28368907061048
0.817409944270136	0.182590055729864	182.127853197137	4.26469702051790e-18	-0.00320500540701200	18.0869926133450	-0.0153678905503750	-1.28288597758071
0.814409105989404	0.185590894010596	185.121095253375	-1.67573228433593e-18	-0.00311146938447951	18.1327117258044	-0.0151832665583733	-1.28206030202882
0.811389558759105	0.188610441240895	188.132998899953	-2.43265392740950e-18	-0.00301170843035793	18.1781669400867	-0.0150033635608647	-1.28121355399768
0.808351483532041	0.191648516467959	191.163383642128	-6.30718697453602e-18	-0.00290993242459965	18.2233630943536	-0.0148281740761286	-1.28034733157711
0.805295062258629	0.194704937741371	194.212067990065	-3.05854887175795e-18	-0.00280837120638736	18.2683052720622	-0.0146573151911237	-1.27946291851483
0.802220477876358	0.197779522123642	197.278869469357	1.27507468729011e-18	-0.00270676794675216	18.3129966382631	-0.0144902561864102	-1.27856096202523
0.799127914299221	0.200872085700779	200.363604631566	1.28689382130089e-18	-0.00260512678051575	18.3574396507326	-0.0143271641617674	-1.27764143521942
0.796017556407118	0.203982443592882	203.466089064791	1.47717083295481e-18	-0.00250485577327064	18.4016390926727	-0.0141683892584716	-1.27670341524475
0.792889590035230	0.207110409964770	206.586137404267	-7.99779811262196e-19	-0.00240736943001665	18.4456001667678	-0.0140134512842234	-1.27574505426661
0.789744201963366	0.210255798036634	209.723563342994	4.65298318757112e-19	-0.00231339695465127	18.4893252403042	-0.0138613974801202	-1.27476438892403
0.786581579905283	0.213418420094717	212.878179642387	-2.92502579519505e-18	-0.00222339607890029	18.5328140723371	-0.0137117375484925	-1.27376050147136
0.783401912497981	0.216598087502019	216.049798142957	-7.06408652577031e-19	-0.00213704771549160	18.5760663871513	-0.0135645752957487	-1.27273401656255
0.780205389290971	0.219794610709029	219.238229775010	-7.11997887912971e-19	-0.00205410063271502	18.6190829992844	-0.0134200157365322	-1.27168598774323
0.776992200735514	0.223007799264486	222.443284569390	-8.34777703037669e-18	-0.00197581417856980	18.6618646940048	-0.0132780204452151	-1.27061671331096
0.773762538173847	0.226237461826153	225.664771668215	-2.91265436520244e-18	-0.00190223655951270	18.7044124417801	-0.0131386901154979	-1.26952566523825
0.770516593828366	0.229483406171634	228.902499335676	-2.72447607827941e-18	-0.00183187095090040	18.7467280749869	-0.0130022995821028	-1.26841185296211
0.767254560790802	0.232745439209198	232.156274968828	3.10449989744472e-18	-0.00176465830225120	18.7888147487225	-0.0128690337113092	-1.26727433950190
0.763976633011366	0.236023366988634	235.425905108419	-2.52441238182777e-18	-0.00170341750919593	18.8306759158965	-0.0127386272113886	-1.26611276075724
0.760683005287870	0.239316994712130	238.711195449741	-1.81270168782534e-18	-0.00165230462527393	18.8723134152309	-0.0126106875174025	-1.26492726198647
0.757373873254824	0.242626126745176	242.011950853509	-4.57365139274363e-18	-0.00161322838909990	18.9137285204433	-0.0124851665537135	-1.26371812351477
0.754049433372521	0.245950566627479	245.327975356741	7.09346867200273e-19	-0.00158457592858067	18.9549231168809	-0.0123621476737038	-1.26248531356080
0.750709882916086	0.249290117083914	248.659072183689	5.45842955560671e-18	-0.00156235850745169	18.9958993808167	-0.0122418425694097	-1.26122738508878
0.747355419964512	0.252644580035488	252.005043756771	-2.59689570648079e-18	-0.00154186446344726	19.0366609692713	-0.0121247555185686	-1.25994032262409
0.743986243389676	0.256013756610324	255.365691707527	1.66020172132736e-18	-0.00151910326468510	19.0772138104666	-0.0120111311976835	-1.25861851864651
0.740602552845327	0.259397447154673	258.740816887605	5.66854503892734e-18	-0.00149044464074044	19.1175636037713	-0.0119006117020891	-1.25725718641277
0.737204548756065	0.262795451243935	262.130219379754	-3.67537511608504e-18	-0.00145304671131344	19.1577142698633	-0.0117927762509183	-1.25585377948174
0.733792432306285	0.266207567693715	265.533698508850	-1.06107104025757e-19	-0.00140638278195744	19.1976690369253	-0.0116875926946082	-1.25440815257357
0.730366405429121	0.269633594570879	268.951052852926	5.84218689560908e-18	-0.00135277956989327	19.2374319530226	-0.0115852963026855	-1.25292180440090
0.726926670795350	0.273073329204650	272.382080254240	-1.39739720134187e-18	-0.00129636146921433	19.2770081906947	-0.0114859753114140	-1.25139709741049
0.723473431802295	0.276526568197705	275.826577830341	-2.62879632239027e-18	-0.00124165619799446	19.3164027450506	-0.0113894193728484	-1.24983679294284
0.720006892562701	0.279993107437299	279.284341985170	-5.63308763689499e-18	-0.00119223956923870	19.3556196805429	-0.0112952487562488	-1.24824401018920
0.716527257893592	0.283472742106408	282.755168420169	-8.19540961491433e-19	-0.00114970666752457	19.3946616833933	-0.0112030592056431	-1.24662230158251
0.713034733305116	0.286965266694884	286.238852145412	6.09150434771873e-18	-0.00111503200171392	19.4335302959033	-0.0111126564673216	-1.24497565425268
0.709529524989368	0.290470475010632	289.735187490752	-3.57258178795014e-19	-0.00108928564675129	19.4722271049964	-0.0110242201473221	-1.24330836394635
0.706011839809202	0.293988160190798	293.243968116981	4.87542591720578e-18	-0.00107332805831169	19.5107551493835	-0.0109381960659555	-1.24162436768698
0.702481885287018	0.297518114712982	296.764987027014	-3.39445528789611e-18	-0.00106809604898944	19.5491193942150	-0.0108548322774020	-1.23992718192894
0.698939869593541	0.301060130406459	300.298036577083	2.01985686468345e-18	-0.00107329591555769	19.5873248924711	-0.0107738617701513	-1.23822076669973
0.695386001536580	0.304613998463420	303.842908487949	-6.47511809076581e-19	-0.00108644554256658	19.6253749970404	-0.0106946846788978	-1.23650979452518
0.691820490549772	0.308179509450228	307.399393856127	1.31868397801399e-18	-0.00110385767478804	19.6632707583063	-0.0106168372203865	-1.23479850023215
0.688243546681314	0.311756453318686	310.967283165131	1.68881065318524e-18	-0.00112249798495878	19.7010124424226	-0.0105403353365372	-1.23308956747550
0.684655380582674	0.315344619417326	314.546366296728	-6.64111617105928e-18	-0.00114058302128827	19.7386013964625	-0.0104653789222653	-1.23138335947361
0.681056203497295	0.318943796502705	318.136432542209	-9.18357758557271e-19	-0.00115733786351638	19.7760394927960	-0.0103919836593410	-1.22967745745060
0.677446227249278	0.322553772750722	321.737270613680	-1.60629763350253e-19	-0.00117158968620858	19.8133283742106	-0.0103201037846760	-1.22796761525013
0.673825664232057	0.326174335767943	325.348668655350	5.98399441189917e-18	-0.00118067901164282	19.8504697669753	-0.0102497076337926	-1.22624941513863
0.670194727397058	0.329805272602942	328.970414254854	-1.87033929648726e-18	-0.00118221473161376	19.8874652609168	-0.0101807886565791	-1.22451889362787
0.666553630242341	0.333446369757659	332.602294454573	2.26211597414553e-18	-0.00117440128262749	19.9243167073963	-0.0101133929730380	-1.22277220425556
0.662902586801238	0.337097413198762	336.244095762971	6.14139876671563e-18	-0.00115441889500155	19.9610261994146	-0.0100474241926448	-1.22100528458418
0.659241811630970	0.340758188369030	339.895604165952	3.11700387847295e-18	-0.00111924063981744	19.9975950498394	-0.00998259589118484	-1.21921330258092
0.655571519801254	0.344428480198746	343.556605138218	-2.71946123076456e-18	-0.00106702451236947	20.0340234147005	-0.00991881677849816	-1.21739084986004
0.651891926882905	0.348108073117095	347.226883654644	-4.70150791253314e-18	-0.000995671204753427	20.0703120813682	-0.00985626577675896	-1.21553318470039
0.648203248936409	0.351796751063591	350.906224201672	-1.03516835871054e-18	-0.000903431262939364	20.1064626527511	-0.00979468177307564	-1.21363684879219
0.644505702500508	0.355494297499492	354.594410788698	-1.25362351135652e-18	-0.000790238351822985	20.1424741230060	-0.00973323753351806	-1.21169976404661
0.640799504580753	0.359200495419247	358.291226959494	-5.94852596394719e-18	-0.000656110061587935	20.1783421071461	-0.00967141033498659	-1.20972171373448
0.637084872638058	0.362915127361942	361.996455803618	1.94277843746174e-18	-0.000500679633413230	20.2140618156813	-0.00960925901174813	-1.20770411887109
0.633362024577238	0.366637975422762	365.709879967853	-6.68067160927666e-18	-0.000323109175050896	20.2496293552319	-0.00954685036739102	-1.20564883710834
0.629631178735543	0.370368821264457	369.431281667641	-4.30035324910369e-18	-0.000122904987602339	20.2850404866234	-0.00948390170808089	-1.20355745671528
0.625892553871169	0.374107446128831	373.160442698542	-4.67326349602327e-18	9.74446367897409e-05	20.3202892684078	-0.00942026753819271	-1.20143149058445
0.622146369151775	0.377853630848225	376.897144447692	-4.85987326235799e-19	0.000330635099049266	20.3553704293167	-0.00935626668431888	-1.19927248900697
0.618392844142982	0.381607155857018	380.641167905270	-2.87079032978108e-18	0.000566481842454688	20.3902804593528	-0.00929213555038958	-1.19708228898796
0.614632198796856	0.385367801203144	384.392293675992	-4.14727889478464e-18	0.000795998871704027	20.4250159159962	-0.00922798329096781	-1.19486360145676
0.610864653440400	0.389135346559600	388.150301990581	1.63722620848398e-18	0.00101267928701927	20.4595741819870	-0.00916438166684032	-1.19261939680587
0.607090428764018	0.392909571235982	391.914972717283	-5.67693993785088e-19	0.00121193296321216	20.4939561975487	-0.00910206781199254	-1.19035196480136
0.603309745809984	0.396690254190016	395.686085373363	3.49415575853284e-18	0.00139051741691226	20.5281649969604	-0.00904133420659604	-1.18806323260670
0.599522825960891	0.400477174039109	399.463419136628	8.03568561697427e-19	0.00154515299036381	20.5622038515314	-0.00898216856793450	-1.18575557146203
0.595729890928107	0.404270109071893	403.246752856944	-5.01053960619632e-18	0.00167234313604959	20.5960758364013	-0.00892431981306742	-1.18343188707684
0.591931162740206	0.408068837259794	407.035865067773	-3.11322617395735e-18	0.00176943464613585	20.6297824496959	-0.00886718165893269	-1.18109502829972
0.588126863731402	0.411873136268598	410.830533997709	-2.74932939746095e-18	0.00183572723809432	20.6633222848329	-0.00881026107149791	-1.17874725305105
0.584317216529976	0.415682783470024	414.630537582027	-4.35651070453435e-18	0.00187289884265080	20.6966931939578	-0.00875360671592313	-1.17638978682840
0.580502444046688	0.419497555953312	418.435653474234	-6.68848107445949e-18	0.00188474972799371	20.7298942211973	-0.00869752209711001	-1.17402281093498
0.576682769463188	0.423317230536812	422.245659057636	-1.95225583650965e-19	0.00187609740631729	20.7629256087970	-0.00864223109453502	-1.17164626408153
0.572858416220421	0.427141583779579	426.060331456900	-1.28053137159041e-18	0.00185034493923427	20.7957881943371	-0.00858783325834201	-1.16926016091627
0.569029608007019	0.430970391992981	429.879447549630	-4.65490517758784e-18	0.00181026614996849	20.8284830718187	-0.00853442131331422	-1.16686452652107
0.565196568747695	0.434803431252305	433.702783977950	5.08244854302826e-18	0.00175937404751397	20.8610118808252	-0.00848210937396870	-1.16445929166784
0.561359522591622	0.438640477408378	437.530117160091	-1.44648526820533e-18	0.00170068865197841	20.8933766814609	-0.00843105020259598	-1.16204365273830
0.557518693900813	0.442481306099187	441.361223301983	-4.66844747506189e-19	0.00163701714675360	20.9255803771591	-0.00838136815468944	-1.15961598277668
0.553674307238495	0.446325692761505	445.195878408850	7.61448260940504e-18	0.00157218499324483	20.9576260748364	-0.00833287978660944	-1.15717440501769
0.549826587357469	0.450173412642531	449.033858296824	4.81893708418604e-18	0.00150958239204013	20.9895153626528	-0.00828511793786979	-1.15471733545714
0.545975759188475	0.454024240811525	452.874938604546	8.69733620318525e-19	0.00145096953491461	21.0212478468483	-0.00823764723520483	-1.15224369534042
0.542122047828549	0.457877952171451	456.718894804785	4.64516267646866e-18	0.00139553203716909	21.0528218460477	-0.00819012285091144	-1.14975244105776
0.538265678529370	0.461734321470630	460.565502216056	-6.37314216068402e-18	0.00134063086077967	21.0842343813236	-0.00814228678825638	-1.14724231911499
0.534406876685606	0.465593123314394	464.414536014247	8.48194077027851e-19	0.00128391369813956	21.1154818472459	-0.00809417639411134	-1.14471201752371
0.530545867823260	0.469454132176740	468.265771244245	-7.45056116200319e-18	0.00122439880085269	21.1465616110427	-0.00804611794526910	-1.14215988315029
0.526682877588002	0.473317122411998	472.118982831573	-5.28017050451701e-18	0.00116181879514522	21.1774726403146	-0.00799855132747437	-1.13958422505916
0.522818131733503	0.477181868266497	475.973945594023	-4.89762821567463e-18	0.00109412011238029	21.2082157565619	-0.00795176189614808	-1.13698437281691
0.518951856109769	0.481048143890231	479.830434253301	-9.57813783497928e-19	0.00101883519991761	21.2387921951297	-0.00790553335504927	-1.13436136407067
0.515084276651456	0.484915723348544	483.688223446673	5.57615696708980e-18	0.000934449743700236	21.2692011775073	-0.00785931334715060	-1.13171778029548
0.511215619366204	0.488784380633796	487.547087738608	2.36342914904916e-18	0.000839937231859649	21.2994397430221	-0.00781288200600175	-1.12905742985357
0.507346110322946	0.492653889677054	491.406801632437	-4.72847100236522e-18	0.000735711430562594	21.3295054786179	-0.00776645948169694	-1.12638534802217
0.503475975640227	0.496524024359773	495.267139582003	-4.72540023670633e-18	0.000624235567233953	21.3593971839411	-0.00772023982620593	-1.12370702023840
0.499605441474518	0.500394558525482	499.127876003321	-6.64500433477124e-18	0.000509531244362502	21.3891140061087	-0.00767423265996050	-1.12102724210718
0.495734734008523	0.504265265991477	502.988785286238	6.02031339566314e-18	0.000395890776999683	21.4186548816561	-0.00762847427467478	-1.11834933469261
0.491864079439485	0.508135920560515	506.849641806100	2.09552141419171e-18	0.000287352494568807	21.4480193002963	-0.00758317590431277	-1.11567500870917
0.487993703967496	0.512006296032504	510.710219935410	-4.21684609665369e-18	0.000187401558824356	21.4772078913609	-0.00753842249291613	-1.11300484499428
0.484123833783795	0.515876166216205	514.570294055502	2.02140329343250e-19	9.86378798460351e-05	21.5062208613064	-0.00749410707304642	-1.11033838496059
0.480254695059071	0.519745304940929	518.429638568209	8.91500709553707e-18	2.34544626674976e-05	21.5350580733270	-0.00745012133783207	-1.10767391432844
0.476386513931761	0.523613486068239	522.288027907533	5.12228012923656e-18	-3.65838028444174e-05	21.5637189568417	-0.00740627616476791	-1.10500843665130
0.472519516496348	0.527480483503652	526.145236551319	-1.21149437386389e-18	-8.15508557827327e-05	21.5922019745265	-0.00736247616079246	-1.10233834414348
0.468653928791660	0.531346071208340	530.001039032927	-6.99010095604675e-18	-0.000112371686714120	21.6205058789139	-0.00731892710800997	-1.09966042582007
0.464789976789160	0.535210023210840	533.855209952910	-6.79571486228814e-18	-0.000130769761471331	21.6486307785644	-0.00727583951254169	-1.09697280773588
0.460927886381244	0.539072113618756	537.707523990688	-4.76428187382593e-18	-0.000139524887674671	21.6765771062158	-0.00723310927278179	-1.09427593530299
0.457067883369534	0.542932116630466	541.557755916228	1.78685423587653e-18	-0.000140887871834112	21.7043442239399	-0.00719047547675053	-1.09157275953133
0.453210193453172	0.546789806546828	545.405680601715	2.58127677611515e-18	-0.000136723336876530	21.7319306109338	-0.00714771990860131	-1.08886794086643
0.449355042217111	0.550644957782889	549.251073033233	7.28098420374758e-18	-0.000130024674512517	21.7593340084071	-0.00710471538207129	-1.08616668854557
0.445502655120408	0.554497344879592	553.093708322445	7.18336036600247e-18	-0.000124558042782319	21.7865519786877	-0.00706159488107305	-1.08347419137979
0.441653257484521	0.558346742515479	556.933361718266	5.90819731135526e-18	-0.000124335576256595	21.8135833473731	-0.00701869847719836	-1.08079561720709
0.437807074481598	0.562192925518402	560.769808618540	-2.23878699187379e-19	-0.000133641773130304	21.8404283490447	-0.00697624178215124	-1.07813536288494
0.433964331122771	0.566035668877229	564.602824581721	2.46275405841825e-18	-0.000156326774694287	21.8670875194964	-0.00693421339438984	-1.07549582747662
0.430125252246457	0.569874747753543	568.432185338541	-1.14722921342023e-18	-0.000194641335602871	21.8935610572535	-0.00689266385294598	-1.07287703560435
0.426290062506648	0.573709937493352	572.257666803690	-6.46504421205756e-18	-0.000248535040946729	21.9198499338425	-0.00685187324212891	-1.07027725420424
0.422458986361208	0.577541013638792	576.079045087489	9.81584602555125e-19	-0.000315405374859043	21.9459565363926	-0.00681213614963236	-1.06769394670018
0.418632248060179	0.581367751939821	579.896096507555	-3.31174344165991e-18	-0.000390667048776666	21.9718841263684	-0.00677363145902868	-1.06512492466084
0.414810071634071	0.585189928365929	583.708597600482	4.14513598637521e-18	-0.000469978515537944	21.9976364855657	-0.00673622117311271	-1.06256935977701
0.410992680882176	0.589007319117824	587.516325133497	1.20771666934830e-18	-0.000549876958659057	22.0232158482369	-0.00669918177463955	-1.06002794522548
0.407180299360863	0.592819700639137	591.319056116133	-3.45427998864600e-18	-0.000626319324055871	22.0486205159856	-0.00666160473547118	-1.05750231297527
0.403373150371893	0.596626849628107	595.116567811888	8.07721827480657e-19	-0.000695204102736357	22.0738458593941	-0.00662301971443504	-1.05499406574908
0.399571456950723	0.600428543049277	598.908637749890	-8.54799536970322e-19	-0.000754272253580956	22.0988866776976	-0.00658344600521054	-1.05250400905121
0.395775441854823	0.604224558145177	602.695043736551	4.62331384742818e-18	-0.000802847516080276	22.1237385731010	-0.00654304913379812	-1.05003179915724
0.391985327551991	0.608014672448009	606.475563867219	5.66147565036014e-18	-0.000840237300001434	22.1483976870696	-0.00650193267942438	-1.04757592105053
0.388201336208670	0.611798663791330	610.249976537836	-3.59361321893758e-18	-0.000865365414648947	22.1728604907654	-0.00646025284501001	-1.04513444846619
0.384423689678278	0.615576310321722	614.018060456578	-2.85227736847074e-19	-0.000877318473204377	22.1971243873050	-0.00641822085375958	-1.04270573721479
0.380652609489528	0.619347390510472	617.779594655502	2.12413034604959e-18	-0.000876273543895688	22.2211875189303	-0.00637602264757306	-1.04028847044018
0.376888316834764	0.623111683165236	621.534358502183	-1.23879988720468e-18	-0.000864105232442178	22.2450487598106	-0.00633392354419669	-1.03788164618620
0.373131032558295	0.626868967441705	625.282131711350	2.41302532821589e-18	-0.000844305103589902	22.2687083083768	-0.00629211980845258	-1.03548478727580
0.369380977144738	0.630619022855262	629.022694356513	4.76697707821716e-19	-0.000819946220943060	22.2921665664458	-0.00625049410532819	-1.03309777767454
0.365638370707360	0.634361629292640	632.755826881594	3.08048606815549e-19	-0.000791514353290439	22.3154229051250	-0.00620896103253608	-1.03072050805970
0.361903432976434	0.638096567023566	636.481310112537	-4.28524243104131e-18	-0.000756546347727047	22.3384771381594	-0.00616774897137008	-1.02835287255351
0.358176383287593	0.641823616712407	640.198925268928	5.78611780753551e-18	-0.000711979834462420	22.3613303898621	-0.00612707266213500	-1.02599466022191
0.354457440570193	0.645542559429807	643.908453975602	-7.51146836287744e-18	-0.000657060943411878	22.3839841148685	-0.00608689837593818	-1.02364571321962
0.350746823335682	0.649253176664318	647.609678274244	3.14159209558323e-18	-0.000593774478515569	22.4064392221447	-0.00604699672252798	-1.02130636786868
0.347044749665977	0.652955250334023	651.302380634983	-9.38682250687955e-19	-0.000525660839994445	22.4286955046709	-0.00600697833105312	-1.01897751058001
0.343351437201842	0.656648562798158	654.986343967982	-1.24415273986041e-17	-0.000456685459435474	22.4507510443756	-0.00596655577250903	-1.01666040962925
0.339667103131283	0.660332896868717	658.661351635019	-5.09760354476918e-18	-0.000391041830518718	22.4726035796155	-0.00592595070584905	-1.01435678109052
0.335991964177940	0.664008035822060	662.327187461061	-1.74428326159845e-18	-0.000332497992193712	22.4942528930582	-0.00588560708633763	-1.01206885280352
0.332326236589492	0.667673763410508	665.983635745831	4.10084184863387e-18	-0.000283425790499478	22.5157000435618	-0.00584555987778564	-1.00979897953642
0.328670136126073	0.671329863873927	669.630481275364	-4.02394015612634e-18	-0.000244320330880743	22.5369451181398	-0.00580547885951663	-1.00754922498893
0.325023878048688	0.674976121951312	673.267509333559	4.99187200201098e-19	-0.000214006926290673	22.5579868122970	-0.00576509074611330	-1.00532120178752
0.321387677107645	0.678612322892355	676.894505713720	6.33247108458336e-18	-0.000190479745609577	22.5788232852952	-0.00572422677129757	-1.00311596769728
0.317761747530993	0.682238252469007	680.511256730087	5.83511750704188e-18	-0.000172182994541261	22.5994520866215	-0.00568268319133784	-1.00093376020656
0.314146303012970	0.685853696987030	684.117549229363	-6.84694583756104e-18	-0.000158908026547636	22.6198699918907	-0.00564032953994140	-0.998773689597505
0.310541556702459	0.689458443297541	687.713170602221	1.87451465410976e-18	-0.000152002535843685	22.6400737105373	-0.00559715399117078	-0.996634011845976
0.306947721191458	0.693052278808542	691.297908794812	-2.69639735056408e-18	-0.000153517914145041	22.6600600444084	-0.00555316009328934	-0.994512793132284
0.303365008503555	0.696634991496445	694.871552320258	-7.81003957064509e-18	-0.000164923113930133	22.6798258428561	-0.00550839067366735	-0.992408498103384
0.299793630082419	0.700206369917581	698.433890270132	-1.88615705340636e-18	-0.000187398411643768	22.6993683284778	-0.00546297530950567	-0.990320363381034
0.296233796780298	0.703766203219702	701.984712325930	-3.14715923907990e-18	-0.000222075410466887	22.7186853865524	-0.00541703353555946	-0.988248320850199
0.292685718846532	0.707314281153468	705.523808770531	1.82211281135542e-18	-0.000269841487369884	22.7377751963257	-0.00537043468273593	-0.986192630087610
0.289149605916075	0.710850394083925	709.050970499642	1.80588635540978e-17	-0.000331218066618793	22.7566348255532	-0.00532275351140118	-0.984153582184834
0.285625666998030	0.714374333001970	712.565989033242	1.56089890379754e-18	-0.000406666536551738	22.7752595731744	-0.00527358413771700	-0.982131426256006
0.282114110464196	0.717885889535804	716.068656526995	9.11275114886509e-18	-0.000496835172533816	22.7936438006227	-0.00522280144308075	-0.980126511829149
0.278615144037633	0.721384855962367	719.558765783665	2.53187942350187e-18	-0.000602391581586778	22.8117821053928	-0.00517060397338419	-0.978139379666047
0.275128974781231	0.724871025218769	723.036110264515	2.82819726366373e-18	-0.000723779782824617	22.8296704187598	-0.00511741137026592	-0.976170663098128
0.271655809086303	0.728344190913697	726.500484100684	-1.04324292596464e-18	-0.000860775892420491	22.8473064284487	-0.00506362068951859	-0.974220883022432
0.268195852661185	0.731804147338815	729.951682104560	4.58019057716828e-18	-0.00101210901482964	22.8646889630432	-0.00500940192937220	-0.972290388864083
0.264749310519851	0.735250689480149	733.389499781133	-4.45676347115290e-18	-0.00117534544051354	22.8818170051026	-0.00495464996524068	-0.970379591955994
0.261316386970551	0.738683613029449	736.813733339333	-3.37309247931961e-18	-0.00134718085861308	22.8986887731202	-0.00489909353119916	-0.968489249806867
0.257897285604454	0.742102714395546	740.224179703356	9.61397079827925e-18	-0.00152402596280771	22.9153015138271	-0.00484253469451024	-0.966620561152059
0.254492209284309	0.745507790715691	743.620636523973	1.09397683485390e-17	-0.00170187856141555	22.9316522364909	-0.00478505727707161	-0.964774881538474
0.251101360133135	0.748898639866865	747.002902189811	2.59004723630618e-19	-0.00187609938702457	22.9477389104324	-0.00472702095015618	-0.962953388871185
0.247724939522905	0.752275060477095	750.370775838645	-3.78464135312677e-18	-0.00204207354310237	22.9635611240590	-0.00466880931606999	-0.961157140489996
0.244363148063271	0.755636851936729	753.724057368640	-2.37465180339958e-18	-0.00219642806136757	22.9791195519175	-0.00461063122925849	-0.959387277809612
0.241016185590289	0.758983814409711	757.062547449597	2.43982272925342e-18	-0.00233785365079831	22.9944152750963	-0.00455259745354965	-0.957645155994635
0.237684251155170	0.762315748844830	760.386047534178	5.76893035658149e-18	-0.00246688243089641	23.0094497797941	-0.00449487765061288	-0.955932291983573
0.234367543013051	0.765632456986949	763.694359869102	2.05328181750272e-18	-0.00258528941105168	23.0242253339014	-0.00443772572199536	-0.954250108875406
0.231066258611781	0.768933741388219	766.987287506333	5.01469287197954e-18	-0.00269530896146669	23.0387451460323	-0.00438134361957784	-0.952599655497928
0.227780594580726	0.772219405419274	770.264634314247	-9.92409603798650e-19	-0.00279887175760062	23.0530128359184	-0.00432580274252072	-0.950981378034499
0.224510746719602	0.775489253280398	773.526204988769	2.95089533898313e-18	-0.00289728570705848	23.0670320827192	-0.00427110562549877	-0.949395088084487
0.221256909987317	0.778743090012683	776.771805064502	6.40756124627055e-18	-0.00299165062404830	23.0808065163772	-0.00421712572295921	-0.947840274848445
0.218019278490844	0.781980721509156	780.001240925831	5.83476403761351e-18	-0.00308352365707450	23.0943389910286	-0.00416357094187029	-0.946316502892536
0.214798045474110	0.785201954525890	783.214319818000	-5.26771070716733e-18	-0.00317474019454225	23.1076312575091	-0.00411019140636076	-0.944823661720618
0.211593403306909	0.788406596693091	786.410849858173	-7.02520488865071e-19	-0.00326681495469826	23.1206845931233	-0.00405690004878444	-0.943362024187791
0.208405543473838	0.791594456526162	789.590640046471	-4.40599642450473e-18	-0.00336064050234594	23.1335002427698	-0.00400365022686298	-0.941932096664711
0.205234656563255	0.794765343436745	792.753500276985	2.21548010144132e-18	-0.00345653638727133	23.1460792483684	-0.00395034026223776	-0.940534361786321
0.202080932256261	0.797919067743739	795.899241348767	1.36413351894928e-17	-0.00355442509978520	23.1584222781587	-0.00389693102883467	-0.939169029809250
0.198944559315707	0.801055440684293	799.027674976795	-2.07811304484499e-18	-0.00365387097857993	23.1705301994311	-0.00384360107574831	-0.937835891520562
0.195825725575225	0.804174274424775	802.138613802911	-9.71108652372111e-18	-0.00375397789184029	23.1824048677903	-0.00379062954371786	-0.936534318174007
0.192724617928286	0.807275382071714	805.231871406741	-8.62600165417438e-18	-0.00385320620494752	23.1940489420227	-0.00373815089469449	-0.935263389346854
0.189641422317281	0.810358577682719	808.307262316583	-9.96695420617503e-19	-0.00394946922749919	23.2054651398839	-0.00368608192069425	-0.934022117982252
0.186576323722628	0.813423676277372	811.364602020272	9.26653244204085e-19	-0.00404093663755815	23.2166556264800	-0.00363419153848211	-0.932809647331427
0.183529506151914	0.816470493848086	814.403706976012	2.56705515458349e-18	-0.00412663738819388	23.2276217333074	-0.00358222942995803	-0.931625282913083
0.180501152629053	0.819498847370947	817.424394623190	-1.46289950478479e-18	-0.00420617873914715	23.2383641525330	-0.00353004424514973	-0.930468447990206
0.177491445183478	0.822508554816522	820.426483393155	1.89627511579316e-18	-0.00427918579410338	23.2488833735455	-0.00347758664574014	-0.929338642709708
0.174500564839367	0.825499435160633	823.409792719970	-2.62164961238562e-18	-0.00434506675918951	23.2591798807544	-0.00342483822775811	-0.928235393711757
0.171528691604886	0.828471308395114	826.374143051134	-4.43403096854151e-18	-0.00440325509464834	23.2692541485794	-0.00337180243752274	-0.927158221700554
0.168576004461474	0.831423995538526	829.319355858276	2.04621242893553e-18	-0.00445358807232705	23.2791067777128	-0.00331857289350830	-0.926106606228106
0.165642681353152	0.834357318646848	832.245253647817	1.19732908652237e-17	-0.00449640463699674	23.2887388862580	-0.00326537824046706	-0.925079937752509
0.162728899175862	0.837271100824138	835.151659971604	-1.15697613290725e-17	-0.00453236320835461	23.2981524916978	-0.00321252593356509	-0.924077513807482
0.159834833766845	0.840165166233155	838.038399437505	8.08974434767405e-18	-0.00456224108556706	23.3073505518448	-0.00316028591235021	-0.923098602518302
0.156960659894045	0.843039340105955	840.905297719977	3.44774080422135e-18	-0.00458672006795983	23.3163366613496	-0.00310884723510859	-0.922142523495358
0.154106551245546	0.845893448754454	843.752181570604	-3.39180426718341e-18	-0.00460622116700937	23.3251148483496	-0.00305838046295197	-0.921208711953303
0.151272680419049	0.848727319580951	846.578878828594	3.21367776712935e-18	-0.00462097538203212	23.3336896389928	-0.00300904340488027	-0.920296770562662
0.148459218911375	0.851540781088625	849.385218431248	-2.84193838769122e-18	-0.00463125048331884	23.3420658930015	-0.00296087834537533	-0.919406509180569
0.145666337108011	0.854333662891989	852.171030424386	-3.33732579153746e-18	-0.00463760549929864	23.3502482964931	-0.00291375750273136	-0.918537973346452
0.142894204272683	0.857105795727317	854.936145972751	-5.91442721003013e-19	-0.00464108785116197	23.3582409152849	-0.00286742912892323	-0.917691453737084
0.140142988536976	0.859857011463024	857.680397370362	1.88836623733361e-18	-0.00464313734589480	23.3660469756184	-0.00282158654544799	-0.916867455026268
0.137412856889981	0.862587143110019	860.403618050838	-6.20707780487273e-18	-0.00464513062051880	23.3736688215863	-0.00277591666817855	-0.916066631341234
0.134703975167984	0.865296024832016	863.105642597685	5.28666550526313e-18	-0.00464785348927193	23.3811079720624	-0.00273013320805778	-0.915289705515860
0.132016508044196	0.867983491955804	865.786306754541	-7.98509530504025e-19	-0.00465129331654783	23.3883652593011	-0.00268402406242265	-0.914537380529328
0.129350619018518	0.870649380981482	868.445447435383	-3.81296309107409e-18	-0.00465487805431237	23.3954411334743	-0.00263750086402024	-0.913810294638246
0.126706470407344	0.873293529592656	871.082902734700	4.93124094912773e-18	-0.00465785574482704	23.4023360491838	-0.00259060729525510	-0.913109008530077
0.124084223333413	0.875915776666587	873.698511937614	-6.77597580389817e-18	-0.00465945693593725	23.4090507885650	-0.00254348336900219	-0.912434017567009
0.121484037715691	0.878515962284309	876.292115529972	-3.78110665884317e-18	-0.00465883952779541	23.4155866338205	-0.00249630314569879	-0.911785780573948
0.118906072259304	0.881093927740696	878.863555208388	-2.71614745487368e-18	-0.00465500437018977	23.4219453476621	-0.00244922934169287	-0.911164700323063
0.116350484445512	0.883649515554488	881.412673890248	-7.45031815177120e-18	-0.00464681524040897	23.4281291042758	-0.00240241110727197	-0.910571087935330
0.113817430521716	0.886182569478284	883.939315723668	-2.92584319324814e-19	-0.00463316291284594	23.4341404597186	-0.00235597900096209	-0.910005147024126
0.111307065491528	0.888692934508472	886.443326097407	6.42198721731549e-18	-0.00461321602679912	23.4399822610306	-0.00231001015134914	-0.909466964716884
0.108819543104865	0.891180456895135	888.924551650748	-1.04556035990432e-17	-0.00458667021367715	23.4456574471954	-0.00226450801531634	-0.908956504207858
0.106355015848106	0.893644984151894	891.382840283308	1.44878281948967e-19	-0.00455389691172739	23.4511688689920	-0.00221941461892682	-0.908473574703695
0.103913634934285	0.896086365065715	893.818041164831	7.41236437190107e-18	-0.00451587422176301	23.4565191662082	-0.00217461158201228	-0.908017786561223
0.101495550293332	0.898504449706668	896.230004744914	-1.11549428630531e-18	-0.00447388675858486	23.4617106075543	-0.00212992057325060	-0.907588539578304
0.0991009105623650	0.900899089437635	898.618582762694	-5.28514116835331e-19	-0.00442917264107660	23.4667449834786	-0.00208515058660344	-0.907185062883362
0.0967298630760300	0.903270136923970	900.983628256483	2.42130976794307e-18	-0.00438267961303299	23.4716236838817	-0.00204015832600317	-0.906806462255028
0.0943825538568864	0.905617446143114	903.324995573359	3.36129543714810e-18	-0.00433490740944715	23.4763478793042	-0.00199485952346416	-0.906451726298682
0.0920591276058468	0.907940872394153	905.642540378701	2.86638300784623e-18	-0.00428581446518690	23.4809186421728	-0.00194919566120061	-0.906119710155227
0.0897597276926650	0.910240272307335	907.936119665675	4.03663191778838e-18	-0.00423485969660128	23.4853369613771	-0.00190310317411869	-0.905809144127004
0.0874844961464766	0.912515503853523	910.205591764674	-7.85199197342356e-19	-0.00418116586066912	23.4896037164203	-0.00185651746265896	-0.905518671111819
0.0852335736463911	0.914766426353609	912.450816352700	1.09402985526815e-17	-0.00412371080178911	23.4937197104528	-0.00180941314471692	-0.905246893356507
0.0830070995121384	0.916992900487862	914.671654462692	-1.03555496589781e-18	-0.00406148812938165	23.4976858238698	-0.00176185133365355	-0.904992422268299
0.0808052116947669	0.919194788305233	916.867968492806	-2.55412590564926e-18	-0.00399363937297963	23.5015032470849	-0.00171399491011136	-0.904753920410388
0.0786280467673990	0.921371953232601	919.039622215637	1.01829240269029e-17	-0.00391958172140634	23.5051736807882	-0.00166608122745353	-0.904530124735412
0.0764757399160395	0.923524260083961	921.186480787385	6.31738235836030e-19	-0.00383913130900277	23.5086994264121	-0.00161837396397315	-0.904319847918944
0.0743484249304427	0.925651575069557	923.308410756967	-6.96850618315789e-18	-0.00375256807923197	23.5120833620524	-0.00157111785879498	-0.904121964087975
0.0722462341950334	0.927753765804967	925.405280075072	3.08439632370676e-18	-0.00366058186227108	23.5153288345089	-0.00152450334151909	-0.903935401623285
0.0701692986798893	0.929830701320111	927.476958103155	-1.08457675724346e-18	-0.00356410903604425	23.5184394916284	-0.00147864521219730	-0.903759154234560
0.0681177479317799	0.931882252068220	929.523315622378	-5.54299711634180e-18	-0.00346414349730372	23.5214190991624	-0.00143358761245710	-0.903592301182566
0.0660917100652639	0.933908289934736	931.544224842487	-5.06055553030923e-18	-0.00336161001073153	23.5242714112071	-0.00138933504678536	-0.903434024477966
0.0640913117538501	0.935908688246150	933.539559410630	-5.03782302769785e-19	-0.00325731445205860	23.5270001288990	-0.00134588602625391	-0.903283612635033
0.0621166782212164	0.937883321778784	935.509194420116	8.90267984922303e-19	-0.00315193801793144	23.5296089146407	-0.00130324291917233	-0.903140450339265
0.0601679332324919	0.939832066767508	937.453006419112	-2.71788166425657e-18	-0.00304605194376368	23.5321013917580	-0.00126139551765214	-0.903004001568698
0.0582451990856020	0.941754800914398	939.370873419274	7.64081055885803e-18	-0.00294012594000388	23.5344810947792	-0.00122030361652529	-0.902873794288845
0.0563485966026763	0.943651403397324	941.262674904315	2.61506624428242e-18	-0.00283451670138149	23.5367514055934	-0.00117990121181699	-0.902749412809230
0.0544782451215212	0.945521754878479	943.128291838519	-9.55191482176285e-18	-0.00272946449290769	23.5389155266936	-0.00114011738223929	-0.902630498130019
0.0526342624871584	0.947365737512842	944.967606675173	4.23109533298445e-18	-0.00262511745000634	23.5409765013944	-0.00110089527050986	-0.902516752188770
0.0508167650434277	0.949183234956572	946.780503364945	-7.14990227542428e-18	-0.00252155921616809	23.5429372581319	-0.00106219837842325	-0.902407941085874
0.0490258676246587	0.950974132375341	948.566867364194	1.37743722455918e-18	-0.00241881908655007	23.5448006501808	-0.00102400541574168	-0.902303891042996
0.0472616835474092	0.952738316452591	950.326585643207	-4.73811409020766e-18	-0.00231687428603393	23.5465694766371	-0.000986302998409439	-0.902204473514102
0.0455243246022710	0.954475675397729	952.059546694378	9.43054225679980e-18	-0.00221566558296741	23.5482464925727	-0.000949084070288157	-0.902109583193224
0.0438139010457482	0.956186098954252	953.765640540300	-7.75257869669735e-20	-0.00211514268205666	23.5498344223269	-0.000912351850946808	-0.902019114915015
0.0421305215922023	0.957869478407798	955.444758741809	2.90115556286113e-19	-0.00201533032314589	23.5513359812704	-0.000876124633150470	-0.901932943162017
0.0404742934058703	0.959525706594130	957.096794405939	7.10318908128261e-19	-0.00191637949907753	23.5527539023696	-0.000840436888849201	-0.901850907204524
0.0388453220929547	0.961154677907045	958.721642193816	-8.71772973231365e-18	-0.00181857394306900	23.5540909576423	-0.000805334146956033	-0.901772805156030
0.0372437116937855	0.962756288306215	960.319198328474	9.39924916647032e-19	-0.00172229359114666	23.5553499639688	-0.000770863255082431	-0.901698398394078
0.0356695646750560	0.964330435324944	961.889360602602	-7.19503590305798e-18	-0.00162796029654624	23.5565337706908	-0.000737063501115825	-0.901627423964632
0.0341229819221338	0.965877018077866	963.432028386209	2.82932947042644e-19	-0.00153598953403983	23.5576452372365	-0.000703963684563194	-0.901559610441492
0.0326040627314459	0.967395937268554	964.947102634224	1.17233493186546e-17	-0.00144675709171832	23.5586872135596	-0.000671585488660660	-0.901494693981989
0.0311129048029407	0.968887095197059	966.434485894013	7.56415739954232e-18	-0.00136057860231698	23.5596625305915	-0.000639948181673003	-0.901432433125964
0.0296496042326278	0.970350395767372	967.894082312821	3.17884998251624e-19	-0.00127769669800581	23.5605739965303	-0.000609068600683310	-0.901372621045691
0.0282142555051929	0.971785744494807	969.325797645137	1.55763483454503e-18	-0.00119827270633079	23.5614243880952	-0.000578955370207514	-0.901315093774506
0.0268069514866951	0.973193048513305	970.729539259981	-1.56482020526840e-19	-0.00112238377767721	23.5622164312104	-0.000549602651434772	-0.901259733794558
0.0254277834173406	0.974572216582659	972.105216148109	-7.94240834860601e-18	-0.00105002825132044	23.5629527770868	-0.000520989469421472	-0.901206469631999
0.0240768409043386	0.975923159095661	973.452738929140	-1.05215146015126e-17	-0.000981139187455178	23.5636359849299	-0.000493085797653055	-0.901155272609448
0.0227542119148381	0.977245788085162	974.772019858604	-4.74885072409409e-18	-0.000915601233393959	23.5642685183835	-0.000465861912732914	-0.901106151529257
0.0214599827689462	0.978540017231054	976.062972834899	-1.20692522920636e-17	-0.000853265172368003	23.5648527552491	-0.000439296262966630	-0.901059145636283
0.0201942381328298	0.979805761867170	977.325513406182	-4.83318908199671e-18	-0.000793958419165812	23.5653910041104	-0.000413378442008581	-0.901014316225914
0.0189570610119018	0.981042938988098	978.559558777155	1.08343902752092e-17	-0.000737493701588688	23.5658855193922	-0.000388106620737377	-0.900971737565308
0.0177485327440904	0.982251467255910	979.765027815788	2.36611330752076e-18	-0.000683678646064168	23.5663385087404	-0.000363481654820345	-0.900931488045004
0.0165687329931947	0.983431267006805	980.941841059939	1.00553740313833e-17	-0.000632326692230743	23.5667521316739	-0.000339501318993725	-0.900893642378428
0.0154177397423275	0.984582260257673	982.089920723899	-7.58014912969569e-18	-0.000583267375178308	23.5671284927628	-0.000316157212319093	-0.900858265202491
0.0142956292874432	0.985704370712557	983.209190704847	5.98072205820693e-18	-0.000536353394857310	23.5674696340696	-0.000293434932562410	-0.900825405978302
0.0132024762309563	0.986797523769044	984.299576589216	-9.44263201584170e-19	-0.000491463009101859	23.5677775304299	-0.000271316460521071	-0.900795095026035
0.0121383534754463	0.987861646524554	985.361005658967	-1.22344191669044e-17	-0.000448497881973356	23.5680540887519	-0.000249783094293490	-0.900767340775288
0.0111033322174536	0.988896667782546	986.393406897787	6.58533151541635e-18	-0.000407377686416667	23.5683011505365	-0.000228817774349318	-0.900742128449220
0.0100974819413664	0.989902518058634	987.396710997176	7.09838410624085e-18	-0.000368033369116248	23.5685204961799	-0.000208406564581133	-0.900719420218858
0.00912087041339739	0.990879129586603	988.370850362464	1.01101645542590e-18	-0.000330401008698373	23.5687138500103	-0.000188539572911845	-0.900699156565572
0.00817356367565411	0.991826436324346	989.315759118720	2.36683681525694e-19	-0.000294417580065982	23.5688828854968	-0.000169211499735627	-0.900681258446891
0.00725562604030164	0.992744373959698	990.231373116576	-9.15285888306428e-18	-0.000260018957151931	23.5690292301706	-0.000150421742485766	-0.900665629914472
0.00636712008381921	0.993632879916181	991.117629937957	-1.22335907229317e-18	-0.000227139695071231	23.5691544697210	-0.000132173959198616	-0.900652160948379
0.00550810664135135	0.994491893358649	991.974468901716	5.52322906241278e-18	-0.000195713869653210	23.5692601508158	-0.000114475174872302	-0.900640730343711
0.00467864480115515	0.995321355198845	992.801831069168	7.86107793269434e-18	-0.000165676403367956	23.5693477824676	-9.73346713760154e-05	-0.900631208512087
0.00387879189914286	0.996121208100857	993.599659249540	2.25593854358897e-18	-0.000136964549988962	23.5694188360723	-8.07629121509285e-05	-0.900623460082165
0.00310860351352288	0.996891396486477	994.367898005312	4.14120018713481e-18	-0.000109519351994365	23.5694747444301	-6.47706566143474e-05	-0.900617346220056
0.00236813345953710	0.997631866540463	995.106493657469	-1.04243101635287e-17	-8.32869278471658e-05	23.5695169001016	-4.93683121063492e-05	-0.900612726634059
0.00165743378429843	0.998342566215702	995.815394290649	5.06462388058525e-18	-5.82194682806669e-05	23.5695466534037	-3.45655023699607e-05	-0.900609461263992
0.000976554761726947	0.999023445238273	996.494549758192	3.22408613009159e-18	-3.42758669945227e-05	23.5695653102735	-2.03708053741517e-05	-0.900607411678543
0.000325544887587024	0.999674455112413	997.143911687095	2.28918011688303e-18	-1.14219759832149e-05	23.5695741301549	-6.79395734283359e-06	-0.900606442215535
