# Postprocessed results of turbulent pipe flow 
# Mean velocity and pressure 
# ------------------------------------------------------------------
# uTau = 0.0288969 
# nu = 5.26316e-05 
# ------------------------------------------------------------------
# r	 1-r	 y+	 Ur	 Ut	 Uz	 dUz/dy	 P	 
# ------------------------------------------------------------------
1	0	0	-9.13700700000000e-40	6.48169000000000e-38	0	-1	1.04758400000000e-17
0.999843600000000	0.000156399999999945	0.0858700280399701	-5.97325100000000e-24	4.48934200000000e-05	0.0858440300000000	-0.999843000000000	-3.27185600000000e-08
0.999620000000000	0.000380000000000047	0.208635618000026	8.05697700000000e-23	0.000109109200000000	0.208589900000000	-0.999611300000000	-5.81912500000000e-07
0.999329200000000	0.000670799999999971	0.368296769879984	-1.08658700000000e-21	0.000192640000000000	0.368178600000000	-0.999281100000000	-4.01447400000000e-06
0.998971200000000	0.00102880000000005	0.564853483680029	-6.25110100000000e-22	0.000295469000000000	0.564529300000000	-0.998795700000000	-1.77248600000000e-05
0.998546200000000	0.00145379999999995	0.798195951179972	-4.79196600000000e-21	0.000417553500000000	0.797523300000000	-0.998043500000000	-5.94631500000000e-05
0.998054200000000	0.00194580000000000	1.06832417238000	-1.18762100000000e-20	0.000558797300000000	1.06697300000000	-0.996831000000000	-0.000164638600000000
0.997495300000000	0.00250470000000003	1.37518324317001	-1.14198200000000e-20	0.000719005500000000	1.37257300000000	-0.994852800000000	-0.000394624300000000
0.996869600000000	0.00313039999999998	1.71871825943999	-3.65780100000000e-21	0.000897823600000000	1.71381500000000	-0.991665500000000	-0.000844480100000000
0.996177200000000	0.00382280000000002	2.09887431708001	1.10382800000000e-20	0.00109465900000000	2.08988400000000	-0.986674700000000	-0.00164832200000000
0.995418300000000	0.00458170000000002	2.51554160787001	6.69508400000000e-21	0.00130859500000000	2.49951800000000	-0.979146900000000	-0.00298087900000000
0.994593000000000	0.00540700000000005	2.96866522770003	4.60975400000000e-20	0.00153830400000000	2.94086000000000	-0.968255900000000	-0.00505451200000000
0.993701300000000	0.00629869999999999	3.45824517657000	-5.78660000000000e-20	0.00178198100000000	3.41131400000000	-0.953165700000000	-0.00811191700000000
0.992743500000000	0.00725650000000000	3.98411674215000	1.64639100000000e-20	0.00203729600000000	3.90745400000000	-0.933141600000000	-0.0124155400000000
0.991719800000000	0.00828019999999996	4.54617011621998	8.14163700000000e-20	0.00230137000000000	4.42499700000000	-0.907667800000000	-0.0182352300000000
0.990630100000000	0.00936990000000004	5.14446020289002	-3.25763300000000e-20	0.00257075700000000	4.95888100000000	-0.876546600000000	-0.0258357800000000
0.989474800000000	0.0105252000000000	5.77876738572001	-2.33891700000000e-19	0.00284143400000000	5.50343200000000	-0.839955900000000	-0.0354654400000000
0.988254100000000	0.0117459000000000	6.44898185648999	-6.54319000000000e-20	0.00310881200000000	6.05262800000000	-0.798450700000000	-0.0473463300000000
0.986968000000000	0.0130320000000000	7.15510361520003	2.91045200000000e-19	0.00336778800000000	6.60040200000000	-0.752911500000000	-0.0616665300000000
0.985616900000000	0.0143831000000000	7.89691304540999	1.55748700000000e-19	0.00361287800000000	7.14096200000000	-0.704449300000000	-0.0785737800000000
0.984200800000000	0.0157992000000000	8.67441014712001	-9.37304400000000e-20	0.00383843700000000	7.66906800000000	-0.654289700000000	-0.0981701100000000
0.982720100000000	0.0172799000000000	9.48737530389001	-2.79130900000000e-19	0.00403899300000000	8.18025000000000	-0.603655800000000	-0.120507500000000
0.981174900000000	0.0188251000000000	10.3357536116100	4.94684700000000e-19	0.00420965100000000	8.67093800000000	-0.553669800000000	-0.145584000000000
0.979565400000000	0.0204346000000000	11.2194352620600	1.28963700000000e-20	0.00434653800000000	9.13850800000000	-0.505282300000000	-0.173342000000000
0.977892000000000	0.0221080000000000	12.1382006388000	-5.73686300000000e-20	0.00444722100000000	9.58125200000000	-0.459234500000000	-0.203667600000000
0.976154800000000	0.0238452000000000	13.0919948377200	-5.98491900000000e-19	0.00451101400000000	9.99828900000000	-0.416049600000000	-0.236392800000000
0.974354200000000	0.0256458000000001	14.0805982423800	3.48640500000000e-19	0.00453905400000000	10.3894400000000	-0.376047100000000	-0.271300300000000
0.972490300000000	0.0275097000000000	15.1039559486700	5.26718300000000e-19	0.00453412400000000	10.7551100000000	-0.339371700000000	-0.308130600000000
0.970563400000000	0.0294366000000000	16.1619032442600	2.50175000000000e-19	0.00450033600000000	11.0961000000000	-0.306028200000000	-0.346590300000000
0.968573900000000	0.0314261000000000	17.2542205127100	-3.83349900000000e-19	0.00444277300000000	11.4135600000000	-0.275918000000000	-0.386362200000000
0.966521900000000	0.0334781000000000	18.3808528499100	-7.21301700000000e-19	0.00436701900000000	11.7088100000000	-0.248871300000000	-0.427115500000000
0.964407900000000	0.0355921000000000	19.5415257353100	1.40838200000000e-18	0.00427858000000000	11.9832900000000	-0.224675300000000	-0.468515400000000
0.962232100000000	0.0377679000000000	20.7361293606900	8.72330800000000e-19	0.00418222600000000	12.2384900000000	-0.203094300000000	-0.510232400000000
0.959994800000000	0.0400052000000000	21.9644990137200	9.62789200000000e-19	0.00408149500000000	12.4758800000000	-0.183886300000000	-0.551950500000000
0.957696300000000	0.0423037000000001	23.2264699820700	-1.90780100000000e-18	0.00397883800000000	12.6969000000000	-0.166814500000000	-0.593373700000000
0.955336900000000	0.0446631000000000	24.5218775534100	5.06790800000000e-19	0.00387648800000000	12.9029300000000	-0.151655200000000	-0.634231400000000
0.952917100000000	0.0470829000000000	25.8504472071900	-6.17704300000000e-19	0.00377748400000000	13.0952600000000	-0.138202200000000	-0.674281300000000
0.950437100000000	0.0495629000000000	27.2120691351900	1.80291500000000e-20	0.00368608000000000	13.2751100000000	-0.126267100000000	-0.713310600000000
0.947897200000000	0.0521028000000000	28.6065786250800	3.48028700000000e-19	0.00360720400000000	13.4436300000000	-0.115679600000000	-0.751135700000000
0.945297900000000	0.0547021000000000	30.0337011563100	-1.96487600000000e-18	0.00354533000000000	13.6018500000000	-0.106286400000000	-0.787601600000000
0.942639500000000	0.0573605000000000	31.4932720165500	-2.34013100000000e-18	0.00350379000000000	13.7507500000000	-0.0979505800000000	-0.822581200000000
0.939922400000000	0.0600776000000000	32.9850715893600	1.38977600000000e-18	0.00348515900000000	13.8912300000000	-0.0905494000000000	-0.855974500000000
0.937146900000000	0.0628531000000000	34.5089351624100	9.68011500000000e-19	0.00349132700000000	14.0240800000000	-0.0839732100000000	-0.887706800000000
0.934313400000000	0.0656866000000000	36.0646431192600	2.45240400000000e-18	0.00352205400000000	14.1500600000000	-0.0781249700000000	-0.917728400000000
0.931422300000000	0.0685777000000000	37.6519758434700	1.30033900000000e-18	0.00357378000000000	14.2698400000000	-0.0729193500000000	-0.946011600000000
0.928474100000000	0.0715259000000000	39.2706588144900	-2.22825800000000e-18	0.00364107100000000	14.3840400000000	-0.0682814700000000	-0.972548700000000
0.925469100000000	0.0745309000000000	40.9205273199900	3.74121600000000e-18	0.00371915600000000	14.4932000000000	-0.0641453700000000	-0.997349900000000
0.922407800000000	0.0775922000000000	42.6013068394200	-1.66348500000000e-18	0.00380446400000000	14.5978500000000	-0.0604525300000000	-1.02044000000000
0.919290500000000	0.0807095000000000	44.3128326604500	3.73244300000000e-18	0.00389305900000000	14.6984200000000	-0.0571513000000000	-1.04185800000000
0.916117700000000	0.0838823000000000	46.0548302625300	1.83367700000000e-19	0.00397914500000000	14.7953500000000	-0.0541962900000000	-1.06165000000000
0.912889800000000	0.0871102000000000	47.8270800292200	-1.17070400000000e-18	0.00405613300000000	14.8890000000000	-0.0515473600000000	-1.07987400000000
0.909607300000000	0.0903927000000000	49.6293074399700	-2.40498300000000e-18	0.00411857300000000	14.9797100000000	-0.0491686900000000	-1.09659100000000
0.906270600000000	0.0937294000000000	51.4612928783400	-1.14317800000000e-18	0.00416272500000000	15.0677900000000	-0.0470280700000000	-1.11186800000000
0.902880200000000	0.0971198000000000	53.3227618237800	-1.69679700000000e-19	0.00418825200000000	15.1534900000000	-0.0450961100000000	-1.12577400000000
0.899436500000000	0.100563500000000	55.2134946598500	-3.81724400000000e-18	0.00419831200000000	15.2370700000000	-0.0433459800000000	-1.13838200000000
0.895940000000000	0.104060000000000	57.1332168660000	2.58235300000000e-18	0.00419594100000000	15.3187200000000	-0.0417545000000000	-1.14976500000000
0.892391200000000	0.107608800000000	59.0816539216800	-3.41464400000000e-18	0.00418326400000000	15.3986400000000	-0.0403024000000000	-1.16000200000000
0.888790500000000	0.111209500000000	61.0585862104500	-3.33167800000000e-18	0.00416182700000000	15.4769700000000	-0.0389730500000000	-1.16916900000000
0.885138500000000	0.114861500000000	63.0636843076500	8.79261300000000e-19	0.00413163400000000	15.5538700000000	-0.0377520500000000	-1.17734300000000
0.881435600000000	0.118564400000000	65.0967285968400	2.97049400000000e-18	0.00409248400000000	15.6294600000000	-0.0366266700000000	-1.18459700000000
0.877682300000000	0.122317700000000	67.1574445574700	-4.44725300000000e-18	0.00404554400000000	15.7038500000000	-0.0355859000000000	-1.19100000000000
0.873879200000000	0.126120800000000	69.2455027648800	-1.60562700000000e-18	0.00399217200000000	15.7771300000000	-0.0346210700000000	-1.19661900000000
0.870026700000000	0.129973300000000	71.3606836026300	-4.15887900000000e-18	0.00393345700000000	15.8493900000000	-0.0337239900000000	-1.20151400000000
0.866125400000000	0.133874600000000	73.5026576460600	4.63234800000000e-18	0.00387064800000000	15.9207100000000	-0.0328847800000000	-1.20574300000000
0.862175700000000	0.137824300000000	75.6712052787300	3.47709600000000e-18	0.00380638400000000	15.9911600000000	-0.0320941200000000	-1.20935700000000
0.858178300000000	0.141821700000000	77.8659421718700	-2.32268700000000e-18	0.00374554000000000	16.0607600000000	-0.0313458400000000	-1.21240500000000
0.854133700000000	0.145866300000000	80.0865938049300	-2.71282900000000e-18	0.00369309600000000	16.1295700000000	-0.0306363400000000	-1.21494000000000
0.850042300000000	0.149957700000000	82.3329405614700	3.92071700000000e-18	0.00365180600000000	16.1976200000000	-0.0299630100000000	-1.21701000000000
0.845904700000000	0.154095300000000	84.6046530168300	-8.75980300000000e-18	0.00362222700000000	16.2649500000000	-0.0293231900000000	-1.21866500000000
0.841721600000000	0.158278400000000	86.9013468422400	2.66539200000000e-18	0.00360339300000000	16.3315900000000	-0.0287147400000000	-1.21995000000000
0.837493400000000	0.162506600000000	89.2228024212600	-1.01113200000000e-18	0.00359341900000000	16.3975700000000	-0.0281362200000000	-1.22090800000000
0.833220700000000	0.166779300000000	91.5686903292300	-2.70603700000000e-19	0.00359134400000000	16.4629200000000	-0.0275856600000000	-1.22157500000000
0.828904100000000	0.171095900000000	93.9386811414900	2.07999900000000e-18	0.00359866000000000	16.5276600000000	-0.0270603000000000	-1.22198000000000
0.824544100000000	0.175455900000000	96.3325003374900	-5.28408800000000e-18	0.00361963900000000	16.5918300000000	-0.0265583800000000	-1.22214400000000
0.820141400000000	0.179858600000000	98.7497635884600	4.77785700000000e-18	0.00365924800000000	16.6554400000000	-0.0260796700000000	-1.22208300000000
0.815696400000000	0.184303600000000	101.190251277960	9.54392300000000e-19	0.00372125500000000	16.7185200000000	-0.0256226100000000	-1.22181100000000
0.811209900000000	0.188790100000000	103.653524173110	6.87689400000000e-18	0.00380736800000000	16.7810900000000	-0.0251838600000000	-1.22134100000000
0.806682400000000	0.193317600000000	106.139307753360	-4.64256000000000e-18	0.00391537700000000	16.8431600000000	-0.0247616300000000	-1.22068500000000
0.802114400000000	0.197885600000000	108.647327498160	-3.62570700000000e-18	0.00404146400000000	16.9047400000000	-0.0243557800000000	-1.21985200000000
0.797506600000000	0.202493400000000	111.177199078740	3.89289000000000e-18	0.00418090100000000	16.9658600000000	-0.0239652300000000	-1.21885600000000
0.792859700000000	0.207140300000000	113.728538166330	-1.40061200000000e-18	0.00432759300000000	17.0265200000000	-0.0235881300000000	-1.21771000000000
0.788174100000000	0.211825900000000	116.301125144490	1.52769100000000e-18	0.00447912900000000	17.0867200000000	-0.0232236900000000	-1.21643200000000
0.783450600000000	0.216549400000000	118.894520780340	-3.80362400000000e-18	0.00464024900000000	17.1464900000000	-0.0228721800000000	-1.21504500000000
0.778689700000000	0.221310300000000	121.508450553330	-5.41224900000000e-19	0.00481853200000000	17.2058200000000	-0.0225332700000000	-1.21357000000000
0.773892100000000	0.226107900000000	124.142530134690	-1.26557500000000e-17	0.00501800900000000	17.2647400000000	-0.0222054100000000	-1.21202200000000
0.769058400000000	0.230941600000000	126.796430099760	-8.31696200000000e-18	0.00523380800000000	17.3232400000000	-0.0218865900000000	-1.21041400000000
0.764189200000000	0.235810800000000	129.469821023880	7.94074000000000e-19	0.00545063500000000	17.3813300000000	-0.0215750900000000	-1.20874900000000
0.759285200000000	0.240714800000000	132.162318578280	-3.95494200000000e-18	0.00564704500000000	17.4390100000000	-0.0212702200000000	-1.20702900000000
0.754347100000000	0.245652900000000	134.873538434190	6.12690200000000e-18	0.00580201700000000	17.4962700000000	-0.0209724800000000	-1.20525400000000
0.749375300000000	0.250624700000000	137.603260975170	-8.15747000000000e-18	0.00590003700000000	17.5531200000000	-0.0206829600000000	-1.20342500000000
0.744370700000000	0.255629300000000	140.350992064230	-6.24101500000000e-19	0.00593461600000000	17.6095600000000	-0.0204018500000000	-1.20154200000000
0.739333900000000	0.260666100000000	143.116402276710	7.39443200000000e-19	0.00590972600000000	17.6656000000000	-0.0201296500000000	-1.19960900000000
0.734265500000000	0.265734500000000	145.899162187950	5.23332300000000e-18	0.00583414000000000	17.7212400000000	-0.0198678600000000	-1.19763000000000
0.729166200000000	0.270833800000000	148.698887469180	-9.15666500000000e-18	0.00571516700000000	17.7765100000000	-0.0196175500000000	-1.19560500000000
0.724036600000000	0.275963400000000	151.515248695740	-1.43729000000000e-17	0.00556004000000000	17.8314200000000	-0.0193788500000000	-1.19353400000000
0.718877500000000	0.281122500000000	154.347806634750	6.89036900000000e-20	0.00537721000000000	17.8859800000000	-0.0191502700000000	-1.19141400000000
0.713689400000000	0.286310600000000	157.196286765660	-2.43968100000000e-18	0.00517452600000000	17.9402200000000	-0.0189295000000000	-1.18924100000000
0.708473100000000	0.291526900000000	160.060249855590	2.96653700000000e-18	0.00495783300000000	17.9941200000000	-0.0187154200000000	-1.18700900000000
0.703229300000000	0.296770700000000	162.939311575770	5.33650000000000e-18	0.00472901800000000	18.0477000000000	-0.0185076100000000	-1.18471400000000
0.697958600000000	0.302041400000000	165.833142501540	-1.49311100000000e-18	0.00448612600000000	18.1009600000000	-0.0183051000000000	-1.18235200000000
0.692661700000000	0.307338300000000	168.741358304130	-3.82070100000000e-18	0.00422278000000000	18.1539100000000	-0.0181058600000000	-1.17992400000000
0.687339300000000	0.312660700000000	171.663574654770	1.16958300000000e-18	0.00392775000000000	18.2065300000000	-0.0179081600000000	-1.17743200000000
0.681992100000000	0.318007900000000	174.599407224690	-5.17495100000000e-18	0.00359089100000000	18.2588100000000	-0.0177123100000000	-1.17488100000000
0.676620800000000	0.323379200000000	177.548471685120	6.06161300000000e-18	0.00320744300000000	18.3107600000000	-0.0175194600000000	-1.17227100000000
0.671226000000000	0.328774000000000	180.510438611400	7.41526900000000e-18	0.00277557700000000	18.3623700000000	-0.0173306900000000	-1.16960600000000
0.665808600000000	0.334191400000000	183.484813866540	1.68327300000000e-18	0.00229413500000000	18.4136400000000	-0.0171469400000000	-1.16688500000000
0.660369100000000	0.339630900000000	186.471322929990	4.40302200000000e-18	0.00176138700000000	18.4645800000000	-0.0169682300000000	-1.16411000000000
0.654908300000000	0.345091700000000	189.469526568870	-9.22764200000000e-18	0.00117664100000000	18.5152000000000	-0.0167935900000000	-1.16128300000000
0.649426900000000	0.350573100000000	192.479040454410	1.23841300000000e-17	0.000543689900000000	18.5654800000000	-0.0166224700000000	-1.15840700000000
0.643925600000000	0.356074400000000	195.499480257840	1.95919100000000e-18	-0.000127647000000000	18.6154300000000	-0.0164554500000000	-1.15548600000000
0.638405200000000	0.361594800000000	198.530406746280	5.22760300000000e-18	-0.000823808000000000	18.6650600000000	-0.0162933400000000	-1.15252600000000
0.632866200000000	0.367133800000000	201.571545399180	1.56541300000000e-18	-0.00152956400000000	18.7143700000000	-0.0161370100000000	-1.14953500000000
0.627309600000000	0.372690400000000	204.622347175440	6.92957900000000e-19	-0.00222985400000000	18.7633600000000	-0.0159859200000000	-1.14651700000000
0.621735800000000	0.378264200000000	207.682592458620	-1.97734900000000e-18	-0.00291029000000000	18.8120600000000	-0.0158372300000000	-1.14347500000000
0.616145800000000	0.383854200000000	210.751732207620	-3.58754300000000e-18	-0.00355476200000000	18.8604300000000	-0.0156891100000000	-1.14040400000000
0.610540200000000	0.389459800000000	213.829436997780	1.23240500000000e-17	-0.00414735600000000	18.9084900000000	-0.0155419500000000	-1.13730100000000
0.604919700000000	0.395080300000000	216.915322500330	6.85261900000000e-18	-0.00467926000000000	18.9562300000000	-0.0153957500000000	-1.13415900000000
0.599285000000000	0.400715000000000	220.009004386500	-5.93812800000000e-18	-0.00515313600000000	19.0036300000000	-0.0152495700000000	-1.13097100000000
0.593637000000000	0.406363000000000	223.109988519300	-1.39617500000000e-17	-0.00558100600000000	19.0506900000000	-0.0151031800000000	-1.12773100000000
0.587976200000000	0.412023800000000	226.218000378180	-7.78596800000000e-18	-0.00597879500000000	19.0974000000000	-0.0149572100000000	-1.12443400000000
0.582303500000000	0.417696500000000	229.332545826150	6.47524000000000e-18	-0.00635993500000000	19.1437600000000	-0.0148119500000000	-1.12107500000000
0.576619600000000	0.423380400000000	232.453240534440	3.77734900000000e-18	-0.00673178400000000	19.1897600000000	-0.0146669600000000	-1.11764800000000
0.570925200000000	0.429074800000000	235.579700174280	5.80250900000000e-18	-0.00709434400000000	19.2353800000000	-0.0145219300000000	-1.11415400000000
0.565221000000000	0.434779000000000	238.711540416900	-3.93124800000000e-19	-0.00743938900000000	19.2806400000000	-0.0143784000000000	-1.11059700000000
0.559507800000000	0.440492200000000	241.848322029420	6.67397600000000e-18	-0.00775248100000000	19.3255200000000	-0.0142387900000000	-1.10698700000000
0.553786300000000	0.446213700000000	244.989660683070	-7.68295400000000e-18	-0.00801876800000000	19.3700300000000	-0.0141035800000000	-1.10334000000000
0.548057300000000	0.451942700000000	248.135117144970	9.59783000000000e-19	-0.00823096100000000	19.4141900000000	-0.0139717400000000	-1.09967100000000
0.542321400000000	0.457678600000000	251.284361990460	2.38979800000000e-18	-0.00838991100000000	19.4579800000000	-0.0138430200000000	-1.09599200000000
0.536579500000000	0.463420500000000	254.436901082550	-1.30073200000000e-17	-0.00849841700000000	19.5014200000000	-0.0137180500000000	-1.09230900000000
0.530832200000000	0.469167800000000	257.592404996580	-8.57774700000000e-18	-0.00855951700000000	19.5445200000000	-0.0135970300000000	-1.08862700000000
0.525080400000000	0.474919600000000	260.750379595560	-1.18485500000000e-17	-0.00857838000000000	19.5872700000000	-0.0134789300000000	-1.08494900000000
0.519324700000000	0.480675300000000	263.910495454830	-5.12920500000000e-18	-0.00856379200000000	19.6296800000000	-0.0133622800000000	-1.08127500000000
0.513565900000000	0.486434100000000	267.072313341510	1.39779700000000e-18	-0.00852419200000000	19.6717500000000	-0.0132471900000000	-1.07760400000000
0.507804700000000	0.492195300000000	270.235448926830	-5.62501400000000e-18	-0.00846155100000000	19.7134700000000	-0.0131347000000000	-1.07393500000000
0.502041900000000	0.497958100000000	273.399462977910	5.17322000000000e-18	-0.00837258100000000	19.7548500000000	-0.0130250200000000	-1.07027200000000
0.496278300000000	0.503721700000000	276.563916261870	5.09061900000000e-18	-0.00825381100000000	19.7959000000000	-0.0129175200000000	-1.06661700000000
0.490514400000000	0.509485600000000	279.728534258160	-8.15877900000000e-18	-0.00810176100000000	19.8366100000000	-0.0128110300000000	-1.06297900000000
0.484751200000000	0.515248800000000	282.892767925680	-5.99212400000000e-18	-0.00791325500000000	19.8769800000000	-0.0127050000000000	-1.05936900000000
0.478989300000000	0.521010700000000	286.056287839770	-9.12037300000000e-18	-0.00769002100000000	19.9170000000000	-0.0125999500000000	-1.05579900000000
0.473229600000000	0.526770400000000	289.218599863440	-3.87057300000000e-18	-0.00744086900000000	19.9566900000000	-0.0124961900000000	-1.05227600000000
0.467472600000000	0.532527400000000	292.379429476140	-8.33901600000000e-18	-0.00717739400000000	19.9960200000000	-0.0123926200000000	-1.04880500000000
0.461719200000000	0.538280800000000	295.538282540880	3.88297700000000e-18	-0.00690669100000000	20.0350000000000	-0.0122870300000000	-1.04538600000000
0.455970200000000	0.544029800000000	298.694719824780	5.57005600000000e-18	-0.00662988200000000	20.0736100000000	-0.0121785800000000	-1.04201300000000
0.450226100000000	0.549773900000000	301.848466807290	1.78377500000000e-19	-0.00634605200000000	20.1118500000000	-0.0120687500000000	-1.03868200000000
0.444487900000000	0.555512100000000	304.998974447310	1.76258700000000e-18	-0.00605450000000000	20.1497000000000	-0.0119598600000000	-1.03538400000000
0.438756200000000	0.561243800000000	308.145913320180	4.36984200000000e-18	-0.00575602100000000	20.1871700000000	-0.0118543100000000	-1.03211300000000
0.433031800000000	0.566968200000000	311.288844193020	9.70126100000000e-18	-0.00545318300000000	20.2242700000000	-0.0117533500000000	-1.02886000000000
0.427315400000000	0.572684600000000	314.427382737060	3.59345700000000e-18	-0.00514793100000000	20.2610000000000	-0.0116560600000000	-1.02561700000000
0.421607800000000	0.578392200000000	317.561089719420	6.39907000000000e-18	-0.00484010700000000	20.2973800000000	-0.0115599200000000	-1.02238100000000
0.415909600000000	0.584090400000000	320.689635715440	-1.18156100000000e-17	-0.00452857300000000	20.3334000000000	-0.0114614000000000	-1.01915100000000
0.410221700000000	0.589778300000000	323.812526588130	-1.69583300000000e-18	-0.00421294700000000	20.3690300000000	-0.0113577800000000	-1.01592800000000
0.404544700000000	0.595455300000000	326.929432912830	-6.61952800000000e-18	-0.00389516100000000	20.4042600000000	-0.0112491300000000	-1.01272000000000
0.398879400000000	0.601120600000000	330.039915456660	-3.99107100000000e-18	-0.00357959500000000	20.4390800000000	-0.0111373000000000	-1.00953200000000
0.393226500000000	0.606773500000000	333.143589890850	7.24303000000000e-18	-0.00327192400000000	20.4734700000000	-0.0110238700000000	-1.00637100000000
0.387586800000000	0.612413200000000	336.240016982520	1.02699400000000e-17	-0.00297741000000000	20.5074300000000	-0.0109093200000000	-1.00324000000000
0.381960900000000	0.618039100000000	339.328867307010	-4.69202200000000e-20	-0.00270013600000000	20.5409500000000	-0.0107932500000000	-1.00013800000000
0.376349700000000	0.623650300000000	342.409646727330	1.03944700000000e-17	-0.00244238000000000	20.5740200000000	-0.0106751700000000	-0.997067400000000
0.370753800000000	0.629246200000000	345.482025818820	5.36891900000000e-18	-0.00220427800000000	20.6066400000000	-0.0105551600000000	-0.994027700000000
0.365174000000000	0.634826000000000	348.545565348600	5.93200700000000e-18	-0.00198555500000000	20.6387900000000	-0.0104337300000000	-0.991021100000000
0.359610900000000	0.640389100000000	351.599935892010	6.22241400000000e-18	-0.00178619600000000	20.6704700000000	-0.0103114600000000	-0.988050500000000
0.354065400000000	0.645934600000000	354.644643312060	-3.02292900000000e-18	-0.00160547200000000	20.7016800000000	-0.0101887600000000	-0.985119500000000
0.348538000000000	0.651462000000000	357.679413088200	-7.30758200000000e-18	-0.00144108200000000	20.7324200000000	-0.0100659000000000	-0.982231200000000
0.343029600000000	0.656970400000000	360.703751083440	1.82441100000000e-18	-0.00128815200000000	20.7626800000000	-0.00994322400000000	-0.979387400000000
0.337540900000000	0.662459100000000	363.717272969010	7.63874000000000e-18	-0.00113972900000000	20.7924600000000	-0.00982079100000000	-0.976588100000000
0.332072500000000	0.667927500000000	366.719649320250	9.98267700000000e-18	-0.000988126200000000	20.8217600000000	-0.00969783600000000	-0.973831900000000
0.326625200000000	0.673374800000000	369.710440904280	2.97888500000000e-19	-0.000826775300000000	20.8505800000000	-0.00957310400000000	-0.971116700000000
0.321199700000000	0.678800300000000	372.689263392330	-1.62524700000000e-18	-0.000652502300000000	20.8789100000000	-0.00944587900000000	-0.968440700000000
0.315796600000000	0.684203400000000	375.655787359740	1.50404800000000e-18	-0.000465408300000000	20.9067400000000	-0.00931649300000000	-0.965803000000000
0.310416800000000	0.689583200000000	378.609518669520	1.35705300000000e-17	-0.000267029500000000	20.9340700000000	-0.00918630100000000	-0.963204500000000
0.305060800000000	0.694939200000000	381.550182801120	1.33798600000000e-17	-5.85947700000000e-05	20.9608900000000	-0.00905707800000000	-0.960647300000000
0.299729400000000	0.700270600000000	384.477340521660	1.34220300000000e-18	0.000159961500000000	20.9872200000000	-0.00893001700000000	-0.958134100000000
0.294423300000000	0.705576700000000	387.390607502370	1.61888100000000e-17	0.000388897700000000	21.0130500000000	-0.00880533600000000	-0.955667800000000
0.289143200000000	0.710856800000000	390.289599414480	8.86880000000000e-18	0.000627322900000000	21.0384000000000	-0.00868247500000000	-0.953250600000000
0.283889700000000	0.716110300000000	393.173986833330	-9.13222600000000e-18	0.000872719500000000	21.0632700000000	-0.00856050800000000	-0.950884300000000
0.278663500000000	0.721336500000000	396.043385430150	1.30259400000000e-18	0.00112062900000000	21.0876600000000	-0.00843865900000000	-0.948569600000000
0.273465400000000	0.726534600000000	398.897355972060	-3.75378800000000e-18	0.00136472100000000	21.1115700000000	-0.00831636000000000	-0.946306700000000
0.268296000000000	0.731704000000000	401.735569034400	9.34780700000000e-18	0.00159721900000000	21.1349900000000	-0.00819337900000000	-0.944094900000000
0.263156000000000	0.736844000000000	404.557640288400	-6.72407800000000e-18	0.00180974700000000	21.1579400000000	-0.00807028100000000	-0.941932400000000
0.258046000000000	0.741954000000000	407.363240309400	-2.89953500000000e-18	0.00199457100000000	21.1804100000000	-0.00794801700000000	-0.939816800000000
0.252966800000000	0.747033200000000	410.151929864520	2.60460700000000e-18	0.00214640300000000	21.2024100000000	-0.00782696700000000	-0.937745300000000
0.247918900000000	0.752081100000000	412.923434433210	1.03993000000000e-17	0.00226416200000000	21.2239300000000	-0.00770714300000000	-0.935715300000000
0.242903100000000	0.757096900000000	415.677314782590	6.48926800000000e-18	0.00235072200000000	21.2450000000000	-0.00758861200000000	-0.933724400000000
0.237920000000000	0.762080000000000	418.413241488000	-2.66096300000000e-19	0.00241117500000000	21.2656000000000	-0.00747110400000000	-0.931769800000000
0.232970200000000	0.767029800000000	421.130885124780	-1.10986000000000e-17	0.00245132900000000	21.2857400000000	-0.00735407300000000	-0.929848200000000
0.228054400000000	0.771945600000000	423.829861364160	-8.38232300000000e-18	0.00247684700000000	21.3054300000000	-0.00723702700000000	-0.927956900000000
0.223173400000000	0.776826600000000	426.509730973260	-1.01937600000000e-17	0.00249328100000000	21.3246700000000	-0.00711956900000000	-0.926093700000000
0.218327600000000	0.781672400000000	429.170274335640	-1.66638900000000e-17	0.00250622100000000	21.3434500000000	-0.00700158900000000	-0.924256900000000
0.213517700000000	0.786482300000000	431.811107122530	-1.33077600000000e-17	0.00252176300000000	21.3617800000000	-0.00688338300000000	-0.922445500000000
0.208744400000000	0.791255600000000	434.431845005160	-8.81634100000000e-18	0.00254525600000000	21.3796700000000	-0.00676537300000000	-0.920659000000000
0.204008300000000	0.795991700000000	437.032158558870	-1.20679800000000e-18	0.00258029900000000	21.3971100000000	-0.00664799600000000	-0.918896500000000
0.199310000000000	0.800690000000000	439.611718359000	9.42002100000000e-19	0.00263023600000000	21.4141000000000	-0.00653171800000000	-0.917157200000000
0.194650200000000	0.805349800000000	442.170140076780	4.30256600000000e-19	0.00269824800000000	21.4306700000000	-0.00641660800000000	-0.915439500000000
0.190029500000000	0.809970500000000	444.707094287550	6.80643800000000e-18	0.00278676200000000	21.4468000000000	-0.00630199300000000	-0.913741500000000
0.185448400000000	0.814551600000000	447.222306470760	8.91117500000000e-18	0.00289680100000000	21.4625100000000	-0.00618676300000000	-0.912061400000000
0.180907500000000	0.819092500000000	449.715447201750	4.06192700000000e-18	0.00302789400000000	21.4777800000000	-0.00607028100000000	-0.910397800000000
0.176407600000000	0.823592400000000	452.186077247640	5.05899000000000e-18	0.00317850000000000	21.4926400000000	-0.00595281900000000	-0.908750200000000
0.171949200000000	0.828050800000000	454.633922087880	1.25366200000000e-17	0.00334616700000000	21.5070600000000	-0.00583489700000000	-0.907119600000000
0.167532800000000	0.832467200000000	457.058707201920	1.34378200000000e-17	0.00352752500000000	21.5210700000000	-0.00571663200000000	-0.905508200000000
0.163159000000000	0.836841000000000	459.460103165100	-1.26606300000000e-17	0.00371859700000000	21.5346500000000	-0.00559800400000000	-0.903917900000000
0.158828600000000	0.841171400000000	461.837670744540	1.27467100000000e-17	0.00391462200000000	21.5478200000000	-0.00547926400000000	-0.902351200000000
0.154541900000000	0.845458100000000	464.191245227910	-2.68495300000000e-18	0.00411117600000000	21.5605800000000	-0.00536067500000000	-0.900811300000000
0.150299600000000	0.849700400000000	466.520442286440	1.37332900000000e-18	0.00430506900000000	21.5729300000000	-0.00524228200000000	-0.899301500000000
0.146102300000000	0.853897700000000	468.824932495470	-1.14914600000000e-17	0.00449355800000000	21.5848700000000	-0.00512404200000000	-0.897825400000000
0.141950500000000	0.858049500000000	471.104441334450	-1.35705600000000e-17	0.00467481900000000	21.5964200000000	-0.00500579700000000	-0.896385600000000
0.137844700000000	0.862155300000000	473.358694282830	-2.54068300000000e-18	0.00484827500000000	21.6075700000000	-0.00488737600000000	-0.894984700000000
0.133785600000000	0.866214400000000	475.587307011840	-1.87300400000000e-17	0.00501339700000000	21.6183300000000	-0.00476894300000000	-0.893625800000000
0.129773700000000	0.870226300000000	477.790005000930	6.23215300000000e-20	0.00516953200000000	21.6287000000000	-0.00465102000000000	-0.892312800000000
0.125809400000000	0.874190600000000	479.966568633660	-7.14160800000000e-18	0.00531595900000000	21.6387000000000	-0.00453411600000000	-0.891048900000000
0.121893400000000	0.878106600000000	482.116613581260	-8.88833900000000e-18	0.00545197400000000	21.6483200000000	-0.00441861700000000	-0.889837000000000
0.118026200000000	0.881973800000000	484.239865323180	-7.77338000000000e-18	0.00557646200000000	21.6575800000000	-0.00430488000000000	-0.888680100000000
0.114208200000000	0.885791800000000	486.336104242980	-2.89409000000000e-18	0.00568753800000000	21.6664900000000	-0.00419311300000000	-0.887580600000000
0.110440100000000	0.889559900000000	488.404946011890	-2.95271500000000e-18	0.00578280700000000	21.6750500000000	-0.00408336600000000	-0.886539800000000
0.106722300000000	0.893277700000000	490.446171013470	1.50106000000000e-17	0.00586015100000000	21.6832700000000	-0.00397545800000000	-0.885557500000000
0.103055200000000	0.896944800000000	492.459559631280	1.67352800000000e-18	0.00591817600000000	21.6911700000000	-0.00386887900000000	-0.884633000000000
0.0994395300000000	0.900560470000000	494.444711065317	-6.94892800000000e-18	0.00595633600000000	21.6987400000000	-0.00376297800000000	-0.883764500000000
0.0958756300000000	0.904124370000000	496.401438641607	-5.63923500000000e-18	0.00597483600000000	21.7060000000000	-0.00365721800000000	-0.882950200000000
0.0923640100000000	0.907635990000000	498.329462349189	-1.43147700000000e-17	0.00597439000000000	21.7129500000000	-0.00355124100000000	-0.882187900000000
0.0889051600000000	0.911094840000000	500.228513157924	5.41430000000000e-18	0.00595593700000000	21.7195900000000	-0.00344479500000000	-0.881475500000000
0.0854995500000000	0.914500450000000	502.098333018495	1.03495100000000e-17	0.00592035700000000	21.7259300000000	-0.00333768800000000	-0.880810900000000
0.0821476300000000	0.917852370000000	503.938674862407	-1.67991100000000e-17	0.00586840300000000	21.7319700000000	-0.00322980800000000	-0.880191700000000
0.0788498800000000	0.921150120000000	505.749275149932	8.07833000000000e-18	0.00580084700000000	21.7377200000000	-0.00312123700000000	-0.879615300000000
0.0756067400000000	0.924393260000000	507.529892302986	-1.18196500000000e-17	0.00571862600000000	21.7431800000000	-0.00301228500000000	-0.879079700000000
0.0724186600000000	0.927581340000000	509.280279253074	1.38617900000000e-17	0.00562277400000000	21.7483600000000	-0.00290334700000000	-0.878582900000000
0.0692860700000000	0.930713930000000	511.000199912523	2.26748800000000e-17	0.00551411400000000	21.7532600000000	-0.00279474200000000	-0.878123000000000
0.0662094100000000	0.933790590000000	512.689412703249	5.03572900000000e-18	0.00539302200000000	21.7578900000000	-0.00268670400000000	-0.877698100000000
0.0631890900000000	0.936810910000000	514.347692518401	4.76046600000000e-18	0.00525950700000000	21.7622500000000	-0.00257941300000000	-0.877306000000000
0.0602255500000000	0.939774450000000	515.974797779895	-2.27084000000000e-17	0.00511349700000000	21.7663600000000	-0.00247298700000000	-0.876944700000000
0.0573191800000000	0.942680820000000	517.570514361702	-8.39333500000000e-18	0.00495504600000000	21.7702300000000	-0.00236743100000000	-0.876611900000000
0.0544703900000000	0.945529610000000	519.134617156971	5.33043200000000e-18	0.00478442100000000	21.7738500000000	-0.00226266800000000	-0.876305500000000
0.0516795800000000	0.948320420000000	520.666886549262	-1.00049600000000e-17	0.00460218600000000	21.7772300000000	-0.00215862900000000	-0.876023600000000
0.0489471300000000	0.951052870000000	522.167113902957	8.56533600000000e-18	0.00440928000000000	21.7803900000000	-0.00205533100000000	-0.875764400000000
0.0462734200000000	0.953726580000000	523.635090582438	1.34158200000000e-17	0.00420704800000000	21.7833300000000	-0.00195287300000000	-0.875526500000000
0.0436588400000000	0.956341160000000	525.070602461676	-6.41777600000000e-18	0.00399719700000000	21.7860600000000	-0.00185139800000000	-0.875308600000000
0.0411037400000000	0.958896260000000	526.473457376286	-4.07567100000000e-18	0.00378170400000000	21.7885900000000	-0.00175104200000000	-0.875109800000000
0.0386084900000000	0.961391510000000	527.843452181061	5.54562400000000e-18	0.00356271200000000	21.7909200000000	-0.00165190000000000	-0.874929100000000
0.0361734300000000	0.963826570000000	529.180400202027	-1.14624600000000e-17	0.00334240800000000	21.7930600000000	-0.00155402900000000	-0.874765800000000
0.0337989100000000	0.966201090000000	530.484109274799	4.32224800000000e-18	0.00312288600000000	21.7950300000000	-0.00145746700000000	-0.874619100000000
0.0314852700000000	0.968514730000000	531.754392725403	-7.99611800000000e-18	0.00290601800000000	21.7968200000000	-0.00136227000000000	-0.874488000000000
0.0292328300000000	0.970767170000000	532.991074860687	2.35979000000000e-18	0.00269336100000000	21.7984400000000	-0.00126853100000000	-0.874371300000000
0.0270419200000000	0.972958080000000	534.193974497088	9.62283600000000e-18	0.00248611400000000	21.7999100000000	-0.00117638100000000	-0.874267800000000
0.0249128400000000	0.975087160000000	535.362926922276	-9.57802700000000e-18	0.00228512000000000	21.8012400000000	-0.00108597400000000	-0.874176400000000
0.0228459000000000	0.977154100000000	536.497761933510	-1.62300200000000e-17	0.00209089600000000	21.8024200000000	-0.000997476700000000	-0.874096000000000
0.0208414000000000	0.979158600000000	537.598314818460	-1.73281700000000e-17	0.00190367500000000	21.8034700000000	-0.000911057600000000	-0.874025500000000
0.0188996200000000	0.981100380000000	538.664431845618	-8.44747100000000e-18	0.00172347500000000	21.8043900000000	-0.000826880400000000	-0.873964000000000
0.0170208500000000	0.982979150000000	539.695953793065	1.57154300000000e-18	0.00155016700000000	21.8052000000000	-0.000745096700000000	-0.873910500000000
0.0152053600000000	0.984794640000000	540.692732419704	9.12581000000000e-18	0.00138354700000000	21.8059100000000	-0.000665838300000000	-0.873864400000000
0.0134534200000000	0.986546580000000	541.654619484438	9.18624700000000e-19	0.00122339100000000	21.8065100000000	-0.000589211900000000	-0.873825000000000
0.0117652700000000	0.988234730000000	542.581483217403	-4.63652400000000e-18	0.00106950000000000	21.8070200000000	-0.000515297700000000	-0.873791700000000
0.0101411700000000	0.989858830000000	543.473180867913	-8.99625200000000e-19	0.000921711900000000	21.8074500000000	-0.000444151900000000	-0.873763800000000
0.00858136200000000	0.991418638000000	544.329579568022	-2.34262300000000e-18	0.000779916300000000	21.8078000000000	-0.000375812300000000	-0.873741000000000
0.00708606900000000	0.992913931000000	545.150556881564	-1.93843800000000e-17	0.000644044600000000	21.8080800000000	-0.000310302900000000	-0.873722700000000
0.00565551600000000	0.994344484000000	545.935989274292	-1.08164500000000e-17	0.000514064900000000	21.8083000000000	-0.000247639100000000	-0.873708400000000
0.00428991800000000	0.995710082000000	546.685758702370	1.12098500000000e-17	0.000389971800000000	21.8084600000000	-0.000187830900000000	-0.873697800000000
0.00298948200000000	0.997010518000000	547.399751514290	-1.92097200000000e-18	0.000271777300000000	21.8085800000000	-0.000130885600000000	-0.873690400000000
0.00175440400000000	0.998245596000000	548.077860097996	-1.07300900000000e-17	0.000159503500000000	21.8086500000000	-7.68088200000000e-05	-0.873685800000000
0.000584873000000000	0.999415127000000	548.719980684720	5.40026900000000e-19	5.31757600000000e-05	21.8086800000000	-2.56056700000000e-05	-0.873683700000000
